5 10 142 131 50 60 
6 69 125 109 174 140 144 
10 93 119 163 47 83 11 137 185 44 128 
9 160 18 80 83 131 85 65 42 35 
6 184 46 163 9 182 88 
5 154 71 82 51 20 
9 156 28 23 90 136 146 92 153 133 
6 141 121 163 162 123 194 
8 146 13 67 175 186 53 183 114 
8 167 63 19 53 136 188 137 152 
7 197 13 190 72 91 36 15 
6 184 146 47 57 166 83 
4 26 25 37 18 
5 174 147 77 29 21 
7 200 42 23 118 176 172 191 
8 110 78 128 88 42 31 114 63 
7 117 104 138 34 134 83 61 
4 120 105 104 186 
5 142 188 69 199 75 
8 51 104 137 27 97 47 100 128 
10 40 62 120 157 105 175 189 140 170 117 
4 200 74 181 30 
6 144 197 111 153 181 194 
7 169 189 141 181 156 108 67 
4 27 67 44 131 
3 64 29 83 
4 186 99 146 181 
3 108 132 124 
4 68 197 46 177 
3 162 110 99 
7 122 114 34 138 84 119 187 
2 80 115 
5 107 106 64 189 57 
7 170 71 86 78 119 67 139 
4 103 173 106 77 
7 73 67 40 111 84 199 142 
4 73 117 74 169 
4 140 192 163 55 
3 74 150 134 
3 111 183 49 
6 173 160 47 142 191 97 
9 120 189 136 97 56 70 59 98 44 
2 90 135 
6 161 93 104 196 148 179 
4 117 108 187 95 
2 88 83 
5 80 82 132 163 142 
4 79 49 176 150 
3 198 162 108 
2 140 151 
4 105 148 129 61 
6 61 162 78 154 165 161 
3 85 68 75 
4 160 59 57 151 
8 104 64 165 187 173 80 146 148 
7 83 127 75 125 141 181 145 
2 59 174 
3 83 60 135 
4 160 141 157 169 
2 154 120 
4 119 199 200 165 
8 82 142 115 156 81 186 153 147 
2 90 188 
4 99 96 183 194 
5 105 86 131 80 122 
6 78 182 154 192 94 173 
6 99 175 143 127 74 146 
9 145 113 125 96 189 192 70 119 158 
4 137 177 186 166 
5 180 152 127 130 163 
5 123 187 132 185 192 
4 145 130 195 171 
1 112 
2 118 110 
6 144 142 117 164 162 112 
3 173 130 200 
3 107 145 184 
4 166 98 117 121 
4 150 115 144 180 
4 131 107 166 86 
2 86 84 
4 153 87 138 159 
2 97 92 
4 144 189 165 112 
2 137 132 
4 128 119 175 164 
3 150 101 104 
2 164 141 
2 178 176 
1 109 
3 163 134 172 
1 93 
6 164 123 138 196 158 174 
4 156 146 199 103 
4 143 109 103 175 
3 148 140 115 
5 165 187 110 125 154 
5 158 112 113 169 145 
3 105 189 111 
4 102 199 163 122 
4 124 186 158 108 
4 141 181 179 152 
1 137 
2 141 139 
3 193 110 143 
6 168 155 171 179 172 145 
2 148 179 
1 143 
5 147 127 120 156 145 
2 190 130 
3 142 154 127 
1 152 
3 119 122 135 
4 162 143 170 164 
2 142 178 
0  
4 176 162 194 166 
0  
1 155 
1 199 
1 150 
0  
4 147 173 181 146 
7 136 127 163 125 200 180 142 
3 166 147 163 
1 131 
1 178 
4 158 180 152 189 
4 161 152 198 136 
3 197 165 178 
3 190 148 174 
2 142 152 
2 161 140 
2 147 196 
3 194 189 159 
1 189 
3 168 153 197 
1 142 
5 143 162 163 174 200 
0  
1 192 
2 176 198 
0  
4 194 196 192 156 
3 149 150 163 
1 153 
1 157 
3 193 156 167 
1 167 
2 180 198 
2 199 195 
0  
1 154 
1 161 
0  
1 187 
1 193 
1 169 
2 184 190 
2 188 172 
0  
2 172 168 
1 171 
1 170 
0  
1 182 
0  
1 194 
4 197 191 185 193 
0  
0  
0  
1 199 
0  
3 191 179 196 
0  
0  
0  
1 189 
1 181 
0  
0  
0  
0  
0  
0  
0  
0  
0  
0  
0  
0  
0  
0  
0  
0  
0  
0  
0  
0  