6 100 157 108 19 84 191 
5 179 85 176 133 161 
5 122 181 142 74 191 
8 186 124 110 199 55 73 24 80 
5 92 83 179 17 164 
10 59 16 170 141 80 153 126 84 76 24 
5 39 100 76 158 88 
6 111 39 117 80 171 72 
11 188 183 18 99 139 35 147 90 11 171 118 
11 120 191 72 78 99 105 13 193 80 130 32 
6 112 46 55 85 152 132 
4 42 87 198 109 
3 83 138 65 
4 91 184 81 172 
5 36 195 101 163 56 
4 146 33 78 82 
9 80 68 51 110 18 62 83 199 115 
6 25 193 136 199 180 159 
7 96 73 58 111 112 108 145 
8 78 66 134 42 71 81 108 170 
8 191 196 65 32 124 98 184 195 
8 96 200 114 93 29 140 30 199 
5 141 165 29 89 157 
2 99 112 
10 68 171 122 76 79 106 41 51 197 70 
3 91 186 143 
5 196 53 87 199 75 
5 85 148 48 189 101 
2 81 30 
2 132 130 
5 131 117 90 97 126 
7 184 170 131 110 123 68 103 
5 144 151 160 128 158 
2 47 173 
3 40 109 81 
4 154 42 188 169 
6 88 158 121 101 118 41 
2 102 184 
4 92 154 200 140 
12 81 83 45 170 92 112 103 88 71 76 187 129 
4 112 182 119 77 
4 79 140 138 130 
4 112 105 137 120 
6 114 186 183 51 162 154 
3 53 173 162 
6 134 189 81 167 174 69 
5 154 174 63 48 183 
7 155 133 193 150 184 156 116 
2 106 88 
7 181 51 97 111 137 155 166 
4 138 81 94 155 
8 66 172 123 163 171 99 76 57 
3 82 197 154 
3 108 102 57 
8 100 166 183 150 86 131 61 66 
7 199 65 184 76 140 183 157 
5 193 60 175 156 147 
4 66 68 199 177 
6 96 95 91 63 145 113 
6 127 128 155 119 172 117 
1 110 
6 197 115 187 141 81 70 
5 137 105 66 175 189 
6 135 104 128 116 117 105 
3 144 122 109 
7 150 156 162 163 71 128 175 
4 73 82 173 152 
3 120 177 76 
6 133 125 186 180 106 138 
3 164 180 129 
1 200 
1 140 
3 165 101 74 
4 110 90 166 100 
2 101 192 
4 169 173 137 87 
4 172 173 116 106 
5 174 104 148 97 155 
5 119 142 112 113 193 
2 110 131 
5 119 83 187 158 162 
5 119 137 110 197 172 
2 192 121 
2 92 113 
4 117 131 97 163 
2 118 147 
7 116 157 109 199 126 156 120 
1 96 
3 156 90 111 
4 199 99 141 111 
2 174 131 
8 196 183 143 135 98 165 177 146 
3 167 123 175 
4 165 121 131 122 
4 133 137 102 180 
3 170 124 125 
1 149 
3 183 174 123 
2 184 177 
4 174 199 113 168 
1 141 
2 130 146 
1 106 
4 192 158 137 167 
1 138 
6 160 155 173 181 110 197 
4 123 196 132 135 
4 114 186 118 151 
2 166 181 
2 165 121 
3 180 188 187 
4 122 181 198 147 
4 124 133 172 139 
2 153 183 
0  
2 171 129 
5 167 185 152 135 193 
2 149 161 
3 134 171 150 
1 155 
4 128 179 161 135 
1 199 
3 149 166 173 
1 142 
1 126 
0  
5 135 198 150 136 199 
1 160 
3 173 133 131 
1 194 
1 151 
0  
1 187 
2 173 176 
2 159 183 
4 179 176 194 147 
2 145 152 
1 175 
1 179 
1 196 
2 143 166 
2 157 167 
0  
1 176 
3 179 160 193 
4 185 166 188 159 
1 168 
3 186 199 160 
2 169 174 
0  
0  
2 173 169 
2 159 172 
1 183 
3 177 175 173 
1 181 
1 163 
3 167 188 181 
2 169 189 
1 168 
2 181 170 
0  
1 177 
3 175 182 191 
2 166 192 
2 194 177 
2 189 173 
1 183 
0  
0  
0  
0  
0  
2 190 199 
1 197 
1 190 
1 196 
2 199 181 
0  
1 197 
0  
0  
0  
0  
0  
1 187 
0  
0  
0  
0  
0  
1 195 
0  
1 195 
0  
0  
0  
0  
0  
0  