4 14 105 101 25 
3 88 41 9 
5 93 60 159 164 174 
3 31 60 73 
5 40 112 105 116 110 
9 200 187 82 180 42 172 134 16 108 
10 86 177 158 16 163 129 120 190 82 32 
2 117 31 
4 157 165 67 23 
9 88 167 111 114 66 39 104 149 125 
7 70 137 187 104 61 60 113 
6 169 180 124 15 115 123 
5 130 92 171 150 114 
6 74 87 121 178 102 53 
8 36 114 65 44 90 139 99 94 
4 33 27 167 175 
6 192 164 129 75 99 197 
5 131 87 191 99 97 
7 196 172 171 179 145 63 34 
4 78 179 141 66 
5 53 108 113 52 129 
4 23 42 175 80 
5 49 83 166 172 106 
3 52 79 166 
8 169 195 55 163 114 40 188 128 
9 124 164 140 190 139 40 158 150 118 
4 137 42 80 124 
5 117 82 155 61 68 
4 185 182 45 72 
4 96 59 162 46 
6 193 156 42 185 68 125 
7 184 168 175 91 198 43 54 
7 62 187 189 116 112 80 103 
3 174 196 107 
6 169 187 174 166 122 90 
2 103 158 
6 138 194 183 126 152 133 
3 188 153 64 
2 113 151 
6 58 157 172 90 134 64 
3 169 66 151 
7 73 77 108 157 189 182 91 
7 96 51 55 175 185 176 98 
8 189 81 192 104 96 188 140 194 
7 68 74 167 124 67 118 130 
6 131 58 95 141 177 191 
3 187 144 166 
7 69 117 184 111 76 115 129 
1 91 
3 142 81 116 
4 66 121 95 73 
3 172 91 100 
2 160 167 
2 130 153 
5 89 157 185 164 189 
5 79 67 88 135 180 
2 81 117 
2 150 148 
4 193 197 179 156 
5 171 182 116 168 186 
4 152 101 95 141 
4 169 97 162 64 
5 110 67 120 108 138 
1 93 
6 99 150 187 158 189 109 
5 174 75 100 136 81 
6 143 79 192 144 108 99 
5 86 182 164 188 122 
5 142 94 87 183 180 
3 88 102 118 
2 138 185 
3 115 94 160 
0  
4 108 150 198 84 
7 150 116 111 117 186 136 133 
5 171 88 127 93 155 
3 153 83 147 
3 164 182 168 
4 172 186 131 102 
2 128 161 
3 121 145 124 
4 96 105 129 130 
3 152 183 98 
3 194 122 97 
5 160 184 200 129 132 
2 128 119 
2 109 164 
3 183 89 184 
3 185 153 105 
1 126 
4 156 141 191 116 
2 172 108 
2 165 135 
5 177 118 154 161 98 
4 130 156 149 175 
3 135 174 138 
1 119 
2 132 129 
3 127 161 199 
2 114 120 
2 175 143 
3 110 188 175 
9 188 149 141 199 200 135 189 186 119 
4 188 172 185 111 
1 158 
1 174 
2 153 183 
4 146 194 126 175 
1 157 
1 200 
6 140 148 120 177 163 178 
2 141 129 
2 155 188 
3 192 194 178 
1 128 
1 181 
2 118 153 
1 200 
5 123 136 125 120 175 
2 131 183 
2 187 189 
6 183 180 151 186 174 193 
1 183 
1 127 
2 199 156 
0  
1 133 
4 161 163 194 130 
2 136 189 
1 142 
2 141 134 
0  
3 158 182 185 
1 165 
4 188 144 155 195 
2 168 164 
0  
1 146 
4 159 140 170 152 
2 142 158 
2 154 160 
1 192 
1 193 
1 154 
1 183 
3 165 190 183 
1 189 
1 187 
2 159 190 
2 198 172 
0  
4 190 162 180 189 
2 157 170 
3 161 182 176 
1 158 
1 185 
2 169 187 
0  
0  
2 183 182 
1 196 
1 187 
3 194 197 178 
0  
0  
1 191 
1 198 
1 177 
1 192 
1 186 
2 194 178 
1 175 
1 177 
1 181 
1 177 
0  
2 181 179 
0  
0  
1 183 
0  
1 192 
2 186 191 
0  
0  
1 195 
1 195 
0  
0  
0  
0  
1 194 
0  
0  
1 197 
1 200 
0  
0  
0  
0  