5 155 147 193 199 41 
5 51 171 78 124 85 
6 12 185 23 143 6 60 
6 166 172 81 13 141 197 
5 94 90 60 83 169 
9 11 16 118 28 187 62 41 61 8 
5 54 65 40 19 127 
8 20 57 135 31 143 156 126 27 
7 83 72 180 79 37 149 58 
5 95 169 146 101 98 
3 62 108 130 
7 176 53 51 120 77 30 172 
6 42 72 168 197 115 166 
3 197 47 45 
8 106 134 166 129 189 170 95 119 
7 70 111 133 43 187 44 107 
6 159 40 33 41 66 142 
5 85 64 150 113 198 
3 104 131 76 
4 62 190 118 121 
9 188 73 93 56 173 185 158 25 89 
11 93 118 170 23 117 110 123 153 56 89 76 
8 190 73 124 166 117 49 191 35 
8 45 185 83 26 121 64 102 155 
10 60 90 86 111 162 27 177 100 36 61 
4 33 98 103 129 
2 115 57 
7 111 49 84 196 141 200 147 
6 146 50 195 162 76 183 
1 77 
6 179 105 161 36 155 61 
4 119 200 93 192 
3 154 135 122 
6 119 94 151 125 54 196 
7 174 195 160 166 199 105 51 
1 98 
7 63 64 72 138 109 94 182 
7 158 118 86 65 56 191 172 
3 117 42 112 
5 156 107 169 84 122 
9 117 125 179 136 65 171 60 97 187 
2 166 89 
2 77 191 
5 89 109 197 192 185 
3 72 101 178 
2 101 153 
9 103 69 181 50 115 58 154 104 73 
7 112 186 81 111 190 136 184 
3 81 104 58 
4 75 167 165 96 
6 75 59 68 140 144 155 
8 170 190 159 145 128 99 101 168 
3 76 101 145 
6 90 118 63 59 183 187 
2 164 84 
6 107 137 58 73 60 108 
7 84 156 114 165 146 196 164 
6 113 105 199 162 125 67 
2 108 129 
6 187 67 68 70 76 166 
0  
5 83 194 181 131 101 
1 156 
2 121 68 
4 101 132 128 136 
3 194 126 113 
5 122 170 103 167 125 
2 134 96 
2 161 92 
5 94 109 93 166 142 
2 135 177 
3 108 185 74 
2 140 185 
1 183 
4 194 122 150 76 
5 77 153 147 137 95 
2 110 91 
1 181 
3 190 196 94 
4 199 95 97 183 
4 111 106 97 154 
4 108 88 148 194 
3 136 182 102 
3 119 159 190 
2 140 176 
5 143 200 115 179 174 
3 101 125 152 
4 125 134 151 166 
3 192 143 181 
2 187 91 
3 115 131 143 
4 153 133 150 193 
6 135 120 107 196 174 186 
0  
1 126 
2 126 123 
5 98 161 112 150 103 
3 130 158 199 
2 126 146 
5 139 183 152 162 161 
1 132 
9 170 142 150 147 179 149 192 133 110 
5 122 125 189 148 190 
6 200 148 121 118 146 174 
1 190 
1 168 
3 193 151 146 
3 110 125 154 
2 136 166 
2 163 158 
0  
4 114 183 126 117 
2 119 157 
2 162 136 
2 143 157 
4 130 135 195 179 
3 174 146 149 
1 173 
4 188 182 158 167 
3 173 196 186 
2 137 184 
2 162 182 
3 176 174 164 
1 188 
3 132 193 196 
3 132 149 164 
5 188 196 148 164 130 
3 164 162 174 
4 159 199 136 176 
1 148 
4 199 182 139 159 
3 178 158 142 
1 138 
4 185 200 195 184 
3 151 163 190 
1 186 
3 148 153 164 
2 146 177 
2 174 190 
1 153 
3 170 161 182 
2 160 199 
0  
1 147 
1 147 
2 199 191 
0  
1 162 
3 159 166 157 
2 176 152 
1 183 
4 200 160 169 162 
3 178 154 160 
2 197 155 
0  
1 185 
2 175 163 
3 172 167 179 
1 200 
0  
0  
2 200 184 
0  
0  
2 189 177 
1 200 
1 180 
1 183 
1 180 
0  
2 187 175 
0  
3 197 182 187 
0  
0  
1 187 
1 198 
1 187 
0  
1 189 
0  
0  
0  
0  
1 187 
0  
0  
0  
0  
0  
0  
0  
0  
0  
0  
0  
0  
0  
0  
0  