3 200 65 80 
6 160 180 165 109 10 129 
9 121 179 44 151 127 194 74 71 28 
7 74 183 91 9 150 112 107 
10 98 81 18 51 49 79 61 31 57 121 
4 101 94 122 195 
6 20 117 177 70 96 57 
7 200 61 98 101 147 111 13 
8 160 159 73 95 60 155 96 69 
4 49 180 40 147 
3 130 156 60 
5 77 35 136 110 133 
8 52 125 49 60 199 176 59 77 
4 175 185 171 108 
3 77 93 198 
5 70 103 148 89 22 
8 126 68 96 31 69 77 104 177 
8 49 76 145 196 167 140 35 97 
7 153 194 187 100 95 94 72 
5 173 190 186 33 79 
4 183 58 102 161 
5 179 130 140 46 56 
8 173 177 34 100 101 40 138 162 
2 164 185 
3 66 55 48 
4 103 138 132 135 
4 160 60 154 158 
3 61 160 70 
5 89 141 115 48 154 
4 127 38 140 88 
7 33 176 90 169 150 124 54 
3 131 123 178 
6 121 89 115 150 97 86 
1 148 
8 91 183 71 178 160 46 182 63 
1 145 
5 67 182 150 68 59 
6 45 152 103 160 153 175 
5 131 197 144 188 168 
8 188 193 162 55 56 143 113 50 
4 49 97 82 122 
5 157 152 191 108 199 
3 72 182 189 
2 181 72 
7 90 77 101 181 134 162 177 
4 172 191 54 63 
5 57 184 134 103 164 
6 150 77 164 175 84 178 
3 150 117 199 
4 145 158 54 174 
2 89 158 
3 148 79 88 
6 139 178 101 154 84 86 
7 68 107 154 188 89 176 132 
2 165 111 
6 163 191 194 196 132 101 
4 159 108 92 197 
3 122 127 71 
5 144 81 134 87 158 
7 78 178 122 199 137 132 73 
3 154 165 68 
5 145 169 172 93 191 
2 191 116 
2 185 182 
3 191 180 139 
2 179 87 
8 113 93 139 80 85 77 103 76 
1 87 
1 149 
3 149 166 80 
4 108 86 102 91 
5 100 80 160 136 171 
4 193 171 115 191 
4 146 117 105 162 
3 107 77 170 
7 127 124 139 191 114 107 179 
10 190 113 158 125 139 131 157 150 174 90 
4 176 99 105 149 
5 165 171 125 128 114 
7 121 110 194 82 156 87 109 
3 99 183 98 
2 191 196 
4 103 192 120 190 
1 92 
3 166 170 126 
6 94 135 185 180 148 145 
6 163 170 102 95 94 117 
5 181 177 170 138 94 
0  
6 138 167 150 160 110 98 
6 159 121 116 171 95 105 
3 187 157 114 
2 158 199 
2 115 96 
6 98 166 191 113 169 109 
4 126 162 160 186 
5 159 127 179 177 174 
5 166 130 158 107 175 
1 158 
4 129 192 142 102 
5 197 139 153 145 132 
2 152 195 
4 129 183 168 185 
2 126 118 
1 123 
0  
2 132 180 
6 134 153 117 118 196 200 
2 130 175 
1 194 
3 179 163 182 
2 192 119 
0  
2 135 120 
1 124 
3 142 123 183 
4 191 188 164 122 
1 169 
0  
2 162 174 
0  
3 176 161 195 
2 142 163 
5 167 172 190 188 174 
2 199 136 
1 182 
1 157 
2 195 197 
0  
2 175 159 
3 170 134 184 
3 161 156 186 
3 145 190 150 
1 179 
2 160 185 
1 139 
0  
1 187 
4 152 198 143 174 
4 151 155 183 157 
3 179 176 195 
1 165 
2 165 152 
1 174 
2 175 168 
3 160 163 172 
3 157 151 193 
2 194 150 
2 157 172 
2 156 184 
1 161 
1 161 
2 186 197 
0  
1 194 
2 187 186 
1 175 
1 177 
0  
1 195 
1 169 
2 170 193 
4 173 164 188 171 
1 199 
3 177 178 179 
0  
1 200 
0  
1 183 
2 198 188 
0  
0  
1 179 
0  
3 191 180 199 
1 191 
3 183 199 193 
0  
1 192 
1 189 
0  
1 183 
0  
0  
2 187 191 
0  
0  
1 195 
0  
0  
0  
1 193 
0  
0  
0  
0  
0  
0  
0  
0 