0 autodock1777 1800 8069120 204800
1 autodock1174 1800 8069120 204800
2 autodock175 1800 8069120 204800
3 autodock1816 1800 8069120 204800
4 autodock1517 1800 8069120 204800
5 autodock1355 1800 8069120 204800
6 autodock1136 1800 8069120 204800
7 autodock176 1800 8069120 204800
8 autodock1855 1800 8069120 204800
9 autodock1872 1800 8069120 204800
10 autodock949 1800 8069120 204800
11 autodock1423 1800 8069120 204800
12 autodock177 1800 8069120 204800
13 autodock1963 1800 8069120 204800
14 autodock226 1800 8069120 204800
15 autodock256 1800 8069120 204800
16 autodock1595 1800 8069120 204800
17 autodock178 1800 8069120 204800
18 autodock1557 1800 8069120 204800
19 autodock1943 1800 8069120 204800
20 autodock179 1800 8069120 204800
21 autodock1985 1800 8069120 204800
22 autodock1673 1800 8069120 204800
23 autodock1003 1800 8069120 204800
24 autodock180 1800 8069120 204800
25 autodock763 1800 8069120 204800
26 autodock1635 1800 8069120 204800
27 autodock181 1800 8069120 204800
28 autodock1756 1800 8069120 204800
29 autodock1356 1800 8069120 204800
30 autodock182 1800 8069120 204800
31 autodock183 1800 8069120 204800
32 autodock983 1800 8069120 204800
33 autodock184 1800 8069120 204800
34 autodock1982 1800 8069120 204800
35 autodock1796 1800 8069120 204800
36 autodock1441 1800 8069120 204800
37 autodock185 1800 8069120 204800
38 autodock1835 1800 8069120 204800
39 autodock186 1800 8069120 204800
40 autodock764 1800 8069120 204800
41 autodock1874 1800 8069120 204800
42 autodock187 1800 8069120 204800
43 autodock1703 1800 8069120 204800
44 autodock1614 1800 8069120 204800
45 autodock1357 1800 8069120 204800
46 autodock1784 1800 8069120 204800
47 autodock776 1800 8069120 204800
48 autodock1653 1800 8069120 204800
49 autodock1927 1800 8069120 204800
50 autodock262 1800 8069120 204800
51 autodock984 1800 8069120 204800
52 autodock1001 1800 8069120 204800
53 autodock1692 1800 8069120 204800
54 autodock1521 1800 8069120 204800
55 autodock1338 1800 8069120 204800
56 autodock1339 1800 8069120 204800
57 autodock1819 1800 8069120 204800
58 autodock765 1800 8069120 204800
59 autodock1739 1800 8069120 204800
60 autodock1004 1800 8069120 204800
61 autodock1891 1800 8069120 204800
62 autodock1781 1800 8069120 204800
63 autodock1459 1800 8069120 204800
64 autodock1720 1800 8069120 204800
65 autodock1005 1800 8069120 204800
66 autodock860 1800 8069120 204800
67 autodock924 1800 8069120 204800
68 autodock1865 1800 8069120 204800
69 autodock1006 1800 8069120 204800
70 autodock537 1800 8069120 204800
71 autodock1343 1800 8069120 204800
72 autodock1602 1800 8069120 204800
73 autodock1008 1800 8069120 204800
74 autodock534 1800 8069120 204800
75 autodock1328 1800 8069120 204800
76 autodock841 1800 8069120 204800
77 autodock1345 1800 8069120 204800
78 autodock1778 1800 8069120 204800
79 autodock1367 1800 8069120 204800
80 autodock1284 1800 8069120 204800
81 autodock1010 1800 8069120 204800
82 autodock1539 1800 8069120 204800
83 autodock1427 1800 8069120 204800
84 autodock1672 1800 8069120 204800
85 autodock1158 1800 8069120 204800
86 autodock1946 1800 8069120 204800
87 autodock1347 1800 8069120 204800
88 autodock925 1800 8069120 204800
89 autodock1908 1800 8069120 204800
90 autodock1012 1800 8069120 204800
91 autodock1599 1800 8069120 204800
92 autodock230 1800 8069120 204800
93 autodock1349 1800 8069120 204800
94 autodock1579 1800 8069120 204800
95 autodock1683 1800 8069120 204800
96 autodock1350 1800 8069120 204800
97 autodock1618 1800 8069120 204800
98 autodock704 1800 8069120 204800
99 autodock241 1800 8069120 204800
100 autodock1239 1800 8069120 204800
101 autodock1384 1800 8069120 204800
102 autodock767 1800 8069120 204800
103 autodock280 1800 8069120 204800
104 autodock1240 1800 8069120 204800
105 autodock1596 1800 8069120 204800
106 autodock1817 1800 8069120 204800
107 autodock1518 1800 8069120 204800
108 autodock821 1800 8069120 204800
109 autodock212 1800 8069120 204800
110 autodock1137 1800 8069120 204800
111 autodock1730 1800 8069120 204800
112 autodock1856 1800 8069120 204800
113 autodock822 1800 8069120 204800
114 autodock950 1800 8069120 204800
115 autodock1772 1800 8069120 204800
116 autodock1424 1800 8069120 204800
117 autodock1964 1800 8069120 204800
118 autodock257 1800 8069120 204800
119 autodock1243 1800 8069120 204800
120 autodock643 1800 8069120 204800
121 autodock824 1800 8069120 204800
122 autodock130 1800 8069120 204800
123 autodock825 1800 8069120 204800
124 autodock1674 1800 8069120 204800
125 autodock1558 1800 8069120 204800
126 autodock997 1800 8069120 204800
127 autodock768 1800 8069120 204800
128 autodock826 1800 8069120 204800
129 autodock1636 1800 8069120 204800
130 autodock1677 1800 8069120 204800
131 autodock827 1800 8069120 204800
132 autodock941 1800 8069120 204800
133 autodock1248 1800 8069120 204800
134 autodock1911 1800 8069120 204800
135 autodock1364 1800 8069120 204800
136 autodock829 1800 8069120 204800
137 autodock1250 1800 8069120 204800
138 autodock127 1800 8069120 204800
139 autodock1442 1800 8069120 204800
140 autodock1251 1800 8069120 204800
141 autodock1836 1800 8069120 204800
142 autodock1404 1800 8069120 204800
143 autodock1133 1800 8069120 204800
144 autodock1252 1800 8069120 204800
145 autodock1875 1800 8069120 204800
146 autodock1704 1800 8069120 204800
147 autodock1195 1800 8069120 204800
148 autodock942 1800 8069120 204800
149 autodock502 1800 8069120 204800
150 autodock497 1800 8069120 204800
151 autodock510 1800 8069120 204800
152 autodock1654 1800 8069120 204800
153 autodock624 1800 8069120 204800
154 autodock1928 1800 8069120 204800
155 autodock228 1800 8069120 204800
156 autodock1693 1800 8069120 204800
157 autodock625 1800 8069120 204800
158 autodock1967 1800 8069120 204800
159 autodock498 1800 8069120 204800
160 autodock1522 1800 8069120 204800
161 autodock716 1800 8069120 204800
162 autodock1269 1800 8069120 204800
163 autodock626 1800 8069120 204800
164 autodock1561 1800 8069120 204800
165 autodock627 1800 8069120 204800
166 autodock760 1800 8069120 204800
167 autodock307 1800 8069120 204800
168 autodock770 1800 8069120 204800
169 autodock671 1800 8069120 204800
170 autodock509 1800 8069120 204800
171 autodock1892 1800 8069120 204800
172 autodock628 1800 8069120 204800
173 autodock1460 1800 8069120 204800
174 autodock507 1800 8069120 204800
175 autodock943 1800 8069120 204800
176 autodock629 1800 8069120 204800
177 autodock506 1800 8069120 204800
178 autodock630 1800 8069120 204800
179 autodock1799 1800 8069120 204800
180 autodock500 1800 8069120 204800
181 autodock631 1800 8069120 204800
182 autodock501 1800 8069120 204800
183 autodock1761 1800 8069120 204800
184 autodock388 1800 8069120 204800
185 autodock632 1800 8069120 204800
186 autodock508 1800 8069120 204800
187 autodock1368 1800 8069120 204800
188 autodock771 1800 8069120 204800
189 autodock504 1800 8069120 204800
190 autodock1540 1800 8069120 204800
191 autodock634 1800 8069120 204800
192 autodock1407 1800 8069120 204800
193 autodock1947 1800 8069120 204800
194 autodock1502 1800 8069120 204800
195 autodock930 1800 8069120 204800
196 autodock635 1800 8069120 204800
197 autodock499 1800 8069120 204800
198 autodock1909 1800 8069120 204800
199 autodock209 1800 8069120 204800
200 autodock503 1800 8069120 204800
201 autodock636 1800 8069120 204800
202 autodock160 1800 8069120 204800
203 autodock574 1800 8069120 204800
204 autodock1307 1800 8069120 204800
205 autodock707 1800 8069120 204800
206 autodock149 1800 8069120 204800
207 autodock157 1800 8069120 204800
208 autodock389 1800 8069120 204800
209 autodock1142 1800 8069120 204800
210 autodock1098 1800 8069120 204800
211 autodock242 1800 8069120 204800
212 autodock154 1800 8069120 204800
213 autodock1385 1800 8069120 204800
214 autodock569 1800 8069120 204800
215 autodock106 1800 8069120 204800
216 autodock772 1800 8069120 204800
217 autodock807 1800 8069120 204800
218 autodock281 1800 8069120 204800
219 autodock1144 1800 8069120 204800
220 autodock1818 1800 8069120 204800
221 autodock158 1800 8069120 204800
222 autodock1138 1800 8069120 204800
223 autodock1857 1800 8069120 204800
224 autodock951 1800 8069120 204800
225 autodock156 1800 8069120 204800
226 autodock712 1800 8069120 204800
227 autodock693 1800 8069120 204800
228 autodock1965 1800 8069120 204800
229 autodock258 1800 8069120 204800
230 autodock1597 1800 8069120 204800
231 autodock462 1800 8069120 204800
232 autodock573 1800 8069120 204800
233 autodock644 1800 8069120 204800
234 autodock151 1800 8069120 204800
235 autodock390 1800 8069120 204800
236 autodock714 1800 8069120 204800
237 autodock1255 1800 8069120 204800
238 autodock869 1800 8069120 204800
239 autodock1675 1800 8069120 204800
240 autodock715 1800 8069120 204800
241 autodock773 1800 8069120 204800
242 autodock147 1800 8069120 204800
243 autodock1637 1800 8069120 204800
244 autodock576 1800 8069120 204800
245 autodock972 1800 8069120 204800
246 autodock148 1800 8069120 204800
247 autodock3 1800 8069120 204800
248 autodock717 1800 8069120 204800
249 autodock769 1800 8069120 204800
250 autodock1358 1800 8069120 204800
251 autodock1912 1800 8069120 204800
252 autodock1152 1800 8069120 204800
253 autodock1198 1800 8069120 204800
254 autodock45 1800 8069120 204800
255 autodock719 1800 8069120 204800
256 autodock419 1800 8069120 204800
257 autodock159 1800 8069120 204800
258 autodock580 1800 8069120 204800
259 autodock1443 1800 8069120 204800
260 autodock1837 1800 8069120 204800
261 autodock774 1800 8069120 204800
262 autodock917 1800 8069120 204800
263 autodock1234 1800 8069120 204800
264 autodock564 1800 8069120 204800
265 autodock1876 1800 8069120 204800
266 autodock1352 1800 8069120 204800
267 autodock1196 1800 8069120 204800
268 autodock33 1800 8069120 204800
269 autodock1616 1800 8069120 204800
270 autodock432 1800 8069120 204800
271 autodock919 1800 8069120 204800
272 autodock1797 1800 8069120 204800
273 autodock1655 1800 8069120 204800
274 autodock1055 1800 8069120 204800
275 autodock1929 1800 8069120 204800
276 autodock1199 1800 8069120 204800
277 autodock920 1800 8069120 204800
278 autodock264 1800 8069120 204800
279 autodock804 1800 8069120 204800
280 autodock396 1800 8069120 204800
281 autodock1694 1800 8069120 204800
282 autodock1968 1800 8069120 204800
283 autodock921 1800 8069120 204800
284 autodock1523 1800 8069120 204800
285 autodock420 1800 8069120 204800
286 autodock986 1800 8069120 204800
287 autodock208 1800 8069120 204800
288 autodock1562 1800 8069120 204800
289 autodock1710 1800 8069120 204800
290 autodock308 1800 8069120 204800
291 autodock1139 1800 8069120 204800
292 autodock937 1800 8069120 204800
293 autodock672 1800 8069120 204800
294 autodock1893 1800 8069120 204800
295 autodock210 1800 8069120 204800
296 autodock1461 1800 8069120 204800
297 autodock1722 1800 8069120 204800
298 autodock1054 1800 8069120 204800
299 autodock379 1800 8069120 204800
300 autodock1359 1800 8069120 204800
301 autodock696 1800 8069120 204800
302 autodock940 1800 8069120 204800
303 autodock1800 1800 8069120 204800
304 autodock1615 1800 8069120 204800
305 autodock777 1800 8069120 204800
306 autodock927 1800 8069120 204800
307 autodock427 1800 8069120 204800
308 autodock1762 1800 8069120 204800
309 autodock1275 1800 8069120 204800
310 autodock928 1800 8069120 204800
311 autodock138 1800 8069120 204800
312 autodock1791 1800 8069120 204800
313 autodock1369 1800 8069120 204800
314 autodock1121 1800 8069120 204800
315 autodock192 1800 8069120 204800
316 autodock188 1800 8069120 204800
317 autodock1363 1800 8069120 204800
318 autodock1541 1800 8069120 204800
319 autodock1408 1800 8069120 204800
320 autodock847 1800 8069120 204800
321 autodock944 1800 8069120 204800
322 autodock923 1800 8069120 204800
323 autodock410 1800 8069120 204800
324 autodock1910 1800 8069120 204800
325 autodock733 1800 8069120 204800
326 autodock539 1800 8069120 204800
327 autodock723 1800 8069120 204800
328 autodock697 1800 8069120 204800
329 autodock540 1800 8069120 204800
330 autodock1581 1800 8069120 204800
331 autodock575 1800 8069120 204800
332 autodock1308 1800 8069120 204800
333 autodock162 1800 8069120 204800
334 autodock1788 1800 8069120 204800
335 autodock541 1800 8069120 204800
336 autodock1620 1800 8069120 204800
337 autodock1276 1800 8069120 204800
338 autodock731 1800 8069120 204800
339 autodock706 1800 8069120 204800
340 autodock542 1800 8069120 204800
341 autodock243 1800 8069120 204800
342 autodock1659 1800 8069120 204800
343 autodock1525 1800 8069120 204800
344 autodock761 1800 8069120 204800
345 autodock107 1800 8069120 204800
346 autodock730 1800 8069120 204800
347 autodock808 1800 8069120 204800
348 autodock543 1800 8069120 204800
349 autodock282 1800 8069120 204800
350 autodock722 1800 8069120 204800
351 autodock360 1800 8069120 204800
352 autodock1177 1800 8069120 204800
353 autodock654 1800 8069120 204800
354 autodock544 1800 8069120 204800
355 autodock1337 1800 8069120 204800
356 autodock1464 1800 8069120 204800
357 autodock1216 1800 8069120 204800
358 autodock545 1800 8069120 204800
359 autodock1858 1800 8069120 204800
360 autodock952 1800 8069120 204800
361 autodock728 1800 8069120 204800
362 autodock698 1800 8069120 204800
363 autodock1966 1800 8069120 204800
364 autodock546 1800 8069120 204800
365 autodock1827 1800 8069120 204800
366 autodock1598 1800 8069120 204800
367 autodock414 1800 8069120 204800
368 autodock727 1800 8069120 204800
369 autodock645 1800 8069120 204800
370 autodock547 1800 8069120 204800
371 autodock395 1800 8069120 204800
372 autodock1931 1800 8069120 204800
373 autodock1256 1800 8069120 204800
374 autodock870 1800 8069120 204800
375 autodock548 1800 8069120 204800
376 autodock1676 1800 8069120 204800
377 autodock721 1800 8069120 204800
378 autodock1505 1800 8069120 204800
379 autodock549 1800 8069120 204800
380 autodock1638 1800 8069120 204800
381 autodock725 1800 8069120 204800
382 autodock550 1800 8069120 204800
383 autodock1002 1800 8069120 204800
384 autodock622 1800 8069120 204800
385 autodock724 1800 8069120 204800
386 autodock551 1800 8069120 204800
387 autodock292 1800 8069120 204800
388 autodock734 1800 8069120 204800
389 autodock1203 1800 8069120 204800
390 autodock1519 1800 8069120 204800
391 autodock552 1800 8069120 204800
392 autodock381 1800 8069120 204800
393 autodock987 1800 8069120 204800
394 autodock750 1800 8069120 204800
395 autodock1970 1800 8069120 204800
396 autodock1278 1800 8069120 204800
397 autodock1253 1800 8069120 204800
398 autodock476 1800 8069120 204800
399 autodock1217 1800 8069120 204800
400 autodock1254 1800 8069120 204800
401 autodock83 1800 8069120 204800
402 autodock473 1800 8069120 204800
403 autodock1744 1800 8069120 204800
404 autodock1235 1800 8069120 204800
405 autodock565 1800 8069120 204800
406 autodock828 1800 8069120 204800
407 autodock275 1800 8069120 204800
408 autodock1877 1800 8069120 204800
409 autodock1706 1800 8069120 204800
410 autodock34 1800 8069120 204800
411 autodock976 1800 8069120 204800
412 autodock276 1800 8069120 204800
413 autodock1351 1800 8069120 204800
414 autodock926 1800 8069120 204800
415 autodock1103 1800 8069120 204800
416 autodock433 1800 8069120 204800
417 autodock480 1800 8069120 204800
418 autodock470 1800 8069120 204800
419 autodock277 1800 8069120 204800
420 autodock1656 1800 8069120 204800
421 autodock1056 1800 8069120 204800
422 autodock700 1800 8069120 204800
423 autodock265 1800 8069120 204800
424 autodock278 1800 8069120 204800
425 autodock17 1800 8069120 204800
426 autodock481 1800 8069120 204800
427 autodock1969 1800 8069120 204800
428 autodock474 1800 8069120 204800
429 autodock1524 1800 8069120 204800
430 autodock718 1800 8069120 204800
431 autodock89 1800 8069120 204800
432 autodock279 1800 8069120 204800
433 autodock1563 1800 8069120 204800
434 autodock479 1800 8069120 204800
435 autodock471 1800 8069120 204800
436 autodock386 1800 8069120 204800
437 autodock478 1800 8069120 204800
438 autodock673 1800 8069120 204800
439 autodock1261 1800 8069120 204800
440 autodock1894 1800 8069120 204800
441 autodock1462 1800 8069120 204800
442 autodock1723 1800 8069120 204800
443 autodock482 1800 8069120 204800
444 autodock740 1800 8069120 204800
445 autodock469 1800 8069120 204800
446 autodock380 1800 8069120 204800
447 autodock604 1800 8069120 204800
448 autodock1263 1800 8069120 204800
449 autodock477 1800 8069120 204800
450 autodock701 1800 8069120 204800
451 autodock1801 1800 8069120 204800
452 autodock475 1800 8069120 204800
453 autodock1292 1800 8069120 204800
454 autodock1763 1800 8069120 204800
455 autodock1280 1800 8069120 204800
456 autodock1265 1800 8069120 204800
457 autodock758 1800 8069120 204800
458 autodock844 1800 8069120 204800
459 autodock1477 1800 8069120 204800
460 autodock1266 1800 8069120 204800
461 autodock1370 1800 8069120 204800
462 autodock1841 1800 8069120 204800
463 autodock1542 1800 8069120 204800
464 autodock1057 1800 8069120 204800
465 autodock1409 1800 8069120 204800
466 autodock1161 1800 8069120 204800
467 autodock1949 1800 8069120 204800
468 autodock1341 1800 8069120 204800
469 autodock1058 1800 8069120 204800
470 autodock1988 1800 8069120 204800
471 autodock211 1800 8069120 204800
472 autodock1059 1800 8069120 204800
473 autodock1206 1800 8069120 204800
474 autodock1530 1800 8069120 204800
475 autodock1721 1800 8069120 204800
476 autodock1582 1800 8069120 204800
477 autodock1060 1800 8069120 204800
478 autodock13 1800 8069120 204800
479 autodock739 1800 8069120 204800
480 autodock1621 1800 8069120 204800
481 autodock788 1800 8069120 204800
482 autodock1061 1800 8069120 204800
483 autodock11 1800 8069120 204800
484 autodock1742 1800 8069120 204800
485 autodock1660 1800 8069120 204800
486 autodock1062 1800 8069120 204800
487 autodock1169 1800 8069120 204800
488 autodock1454 1800 8069120 204800
489 autodock1387 1800 8069120 204800
490 autodock1854 1800 8069120 204800
491 autodock283 1800 8069120 204800
492 autodock1063 1800 8069120 204800
493 autodock1178 1800 8069120 204800
494 autodock1342 1800 8069120 204800
495 autodock1820 1800 8069120 204800
496 autodock10 1800 8069120 204800
497 autodock1064 1800 8069120 204800
498 autodock1465 1800 8069120 204800
499 autodock1140 1800 8069120 204800
500 autodock1718 1800 8069120 204800
501 autodock1859 1800 8069120 204800
502 autodock1065 1800 8069120 204800
503 autodock409 1800 8069120 204800
504 autodock14 1800 8069120 204800
505 autodock1066 1800 8069120 204800
506 autodock1736 1800 8069120 204800
507 autodock1451 1800 8069120 204800
508 autodock1067 1800 8069120 204800
509 autodock1257 1800 8069120 204800
510 autodock12 1800 8069120 204800
511 autodock1068 1800 8069120 204800
512 autodock806 1800 8069120 204800
513 autodock1921 1800 8069120 204800
514 autodock1506 1800 8069120 204800
515 autodock1639 1800 8069120 204800
516 autodock1069 1800 8069120 204800
517 autodock1007 1800 8069120 204800
518 autodock1070 1800 8069120 204800
519 autodock245 1800 8069120 204800
520 autodock1242 1800 8069120 204800
521 autodock1371 1800 8069120 204800
522 autodock1914 1800 8069120 204800
523 autodock32 1800 8069120 204800
524 autodock609 1800 8069120 204800
525 autodock691 1800 8069120 204800
526 autodock751 1800 8069120 204800
527 autodock610 1800 8069120 204800
528 autodock1157 1800 8069120 204800
529 autodock1445 1800 8069120 204800
530 autodock1839 1800 8069120 204800
531 autodock779 1800 8069120 204800
532 autodock612 1800 8069120 204800
533 autodock1484 1800 8069120 204800
534 autodock1745 1800 8069120 204800
535 autodock1790 1800 8069120 204800
536 autodock1878 1800 8069120 204800
537 autodock1159 1800 8069120 204800
538 autodock62 1800 8069120 204800
539 autodock1344 1800 8069120 204800
540 autodock692 1800 8069120 204800
541 autodock1160 1800 8069120 204800
542 autodock681 1800 8069120 204800
543 autodock686 1800 8069120 204800
544 autodock1657 1800 8069120 204800
545 autodock1143 1800 8069120 204800
546 autodock705 1800 8069120 204800
547 autodock615 1800 8069120 204800
548 autodock522 1800 8069120 204800
549 autodock1785 1800 8069120 204800
550 autodock689 1800 8069120 204800
551 autodock1696 1800 8069120 204800
552 autodock616 1800 8069120 204800
553 autodock679 1800 8069120 204800
554 autodock683 1800 8069120 204800
555 autodock960 1800 8069120 204800
556 autodock1163 1800 8069120 204800
557 autodock1564 1800 8069120 204800
558 autodock1172 1800 8069120 204800
559 autodock1201 1800 8069120 204800
560 autodock387 1800 8069120 204800
561 autodock687 1800 8069120 204800
562 autodock1603 1800 8069120 204800
563 autodock674 1800 8069120 204800
564 autodock1895 1800 8069120 204800
565 autodock685 1800 8069120 204800
566 autodock619 1800 8069120 204800
567 autodock1724 1800 8069120 204800
568 autodock1009 1800 8069120 204800
569 autodock620 1800 8069120 204800
570 autodock682 1800 8069120 204800
571 autodock1210 1800 8069120 204800
572 autodock621 1800 8069120 204800
573 autodock737 1800 8069120 204800
574 autodock680 1800 8069120 204800
575 autodock1802 1800 8069120 204800
576 autodock973 1800 8069120 204800
577 autodock688 1800 8069120 204800
578 autodock1168 1800 8069120 204800
579 autodock1764 1800 8069120 204800
580 autodock1029 1800 8069120 204800
581 autodock249 1800 8069120 204800
582 autodock1123 1800 8069120 204800
583 autodock849 1800 8069120 204800
584 autodock1030 1800 8069120 204800
585 autodock1842 1800 8069120 204800
586 autodock1543 1800 8069120 204800
587 autodock1410 1800 8069120 204800
588 autodock1162 1800 8069120 204800
589 autodock1950 1800 8069120 204800
590 autodock1031 1800 8069120 204800
591 autodock1346 1800 8069120 204800
592 autodock938 1800 8069120 204800
593 autodock1989 1800 8069120 204800
594 autodock1032 1800 8069120 204800
595 autodock1033 1800 8069120 204800
596 autodock1583 1800 8069120 204800
597 autodock577 1800 8069120 204800
598 autodock1034 1800 8069120 204800
599 autodock791 1800 8069120 204800
600 autodock1622 1800 8069120 204800
601 autodock340 1800 8069120 204800
602 autodock1035 1800 8069120 204800
603 autodock1661 1800 8069120 204800
604 autodock992 1800 8069120 204800
605 autodock1388 1800 8069120 204800
606 autodock109 1800 8069120 204800
607 autodock1036 1800 8069120 204800
608 autodock810 1800 8069120 204800
609 autodock284 1800 8069120 204800
610 autodock1580 1800 8069120 204800
611 autodock1897 1800 8069120 204800
612 autodock1037 1800 8069120 204800
613 autodock1011 1800 8069120 204800
614 autodock1821 1800 8069120 204800
615 autodock1664 1800 8069120 204800
616 autodock1466 1800 8069120 204800
617 autodock1218 1800 8069120 204800
618 autodock1038 1800 8069120 204800
619 autodock1860 1800 8069120 204800
620 autodock1295 1800 8069120 204800
621 autodock954 1800 8069120 204800
622 autodock1428 1800 8069120 204800
623 autodock1039 1800 8069120 204800
624 autodock1600 1800 8069120 204800
625 autodock1086 1800 8069120 204800
626 autodock416 1800 8069120 204800
627 autodock1040 1800 8069120 204800
628 autodock792 1800 8069120 204800
629 autodock1258 1800 8069120 204800
630 autodock1041 1800 8069120 204800
631 autodock1986 1800 8069120 204800
632 autodock1678 1800 8069120 204800
633 autodock965 1800 8069120 204800
634 autodock1619 1800 8069120 204800
635 autodock1475 1800 8069120 204800
636 autodock1507 1800 8069120 204800
637 autodock1042 1800 8069120 204800
638 autodock1640 1800 8069120 204800
639 autodock526 1800 8069120 204800
640 autodock1348 1800 8069120 204800
641 autodock385 1800 8069120 204800
642 autodock1953 1800 8069120 204800
643 autodock246 1800 8069120 204800
644 autodock1268 1800 8069120 204800
645 autodock1915 1800 8069120 204800
646 autodock957 1800 8069120 204800
647 autodock48 1800 8069120 204800
648 autodock415 1800 8069120 204800
649 autodock989 1800 8069120 204800
650 autodock132 1800 8069120 204800
651 autodock752 1800 8069120 204800
652 autodock1983 1800 8069120 204800
653 autodock1101 1800 8069120 204800
654 autodock1270 1800 8069120 204800
655 autodock121 1800 8069120 204800
656 autodock1446 1800 8069120 204800
657 autodock1271 1800 8069120 204800
658 autodock1840 1800 8069120 204800
659 autodock1120 1800 8069120 204800
660 autodock1485 1800 8069120 204800
661 autodock1746 1800 8069120 204800
662 autodock418 1800 8069120 204800
663 autodock1879 1800 8069120 204800
664 autodock123 1800 8069120 204800
665 autodock1708 1800 8069120 204800
666 autodock1013 1800 8069120 204800
667 autodock1273 1800 8069120 204800
668 autodock435 1800 8069120 204800
669 autodock131 1800 8069120 204800
670 autodock1903 1800 8069120 204800
671 autodock1274 1800 8069120 204800
672 autodock1658 1800 8069120 204800
673 autodock129 1800 8069120 204800
674 autodock1932 1800 8069120 204800
675 autodock1786 1800 8069120 204800
676 autodock421 1800 8069120 204800
677 autodock120 1800 8069120 204800
678 autodock1697 1800 8069120 204800
679 autodock126 1800 8069120 204800
680 autodock1971 1800 8069120 204800
681 autodock1102 1800 8069120 204800
682 autodock1526 1800 8069120 204800
683 autodock394 1800 8069120 204800
684 autodock720 1800 8069120 204800
685 autodock119 1800 8069120 204800
686 autodock1393 1800 8069120 204800
687 autodock122 1800 8069120 204800
688 autodock1565 1800 8069120 204800
689 autodock423 1800 8069120 204800
690 autodock785 1800 8069120 204800
691 autodock1184 1800 8069120 204800
692 autodock311 1800 8069120 204800
693 autodock21 1800 8069120 204800
694 autodock1740 1800 8069120 204800
695 autodock1604 1800 8069120 204800
696 autodock424 1800 8069120 204800
697 autodock1896 1800 8069120 204800
698 autodock1782 1800 8069120 204800
699 autodock128 1800 8069120 204800
700 autodock1725 1800 8069120 204800
701 autodock1014 1800 8069120 204800
702 autodock1279 1800 8069120 204800
703 autodock382 1800 8069120 204800
704 autodock125 1800 8069120 204800
705 autodock398 1800 8069120 204800
706 autodock647 1800 8069120 204800
707 autodock1803 1800 8069120 204800
708 autodock974 1800 8069120 204800
709 autodock959 1800 8069120 204800
710 autodock144 1800 8069120 204800
711 autodock1765 1800 8069120 204800
712 autodock778 1800 8069120 204800
713 autodock413 1800 8069120 204800
714 autodock535 1800 8069120 204800
715 autodock1737 1800 8069120 204800
716 autodock1215 1800 8069120 204800
717 autodock846 1800 8069120 204800
718 autodock1779 1800 8069120 204800
719 autodock961 1800 8069120 204800
720 autodock996 1800 8069120 204800
721 autodock1372 1800 8069120 204800
722 autodock850 1800 8069120 204800
723 autodock1843 1800 8069120 204800
724 autodock1463 1800 8069120 204800
725 autodock962 1800 8069120 204800
726 autodock1411 1800 8069120 204800
727 autodock1951 1800 8069120 204800
728 autodock1516 1800 8069120 204800
729 autodock633 1800 8069120 204800
730 autodock963 1800 8069120 204800
731 autodock1202 1800 8069120 204800
732 autodock1990 1800 8069120 204800
733 autodock213 1800 8069120 204800
734 autodock782 1800 8069120 204800
735 autodock1183 1800 8069120 204800
736 autodock459 1800 8069120 204800
737 autodock532 1800 8069120 204800
738 autodock1584 1800 8069120 204800
739 autodock1734 1800 8069120 204800
740 autodock1175 1800 8069120 204800
741 autodock1212 1800 8069120 204800
742 autodock165 1800 8069120 204800
743 autodock1776 1800 8069120 204800
744 autodock1104 1800 8069120 204800
745 autodock1623 1800 8069120 204800
746 autodock1176 1800 8069120 204800
747 autodock330 1800 8069120 204800
748 autodock1425 1800 8069120 204800
749 autodock1662 1800 8069120 204800
750 autodock967 1800 8069120 204800
751 autodock787 1800 8069120 204800
752 autodock1389 1800 8069120 204800
753 autodock2 1800 8069120 204800
754 autodock811 1800 8069120 204800
755 autodock285 1800 8069120 204800
756 autodock786 1800 8069120 204800
757 autodock1898 1800 8069120 204800
758 autodock690 1800 8069120 204800
759 autodock1822 1800 8069120 204800
760 autodock1179 1800 8069120 204800
761 autodock1467 1800 8069120 204800
762 autodock1132 1800 8069120 204800
763 autodock1219 1800 8069120 204800
764 autodock1861 1800 8069120 204800
765 autodock1296 1800 8069120 204800
766 autodock1180 1800 8069120 204800
767 autodock862 1800 8069120 204800
768 autogrid 240 154624 15728844800
769 autodock1429 1800 8069120 204800
770 autodock1 1800 8069120 204800
771 autodock1601 1800 8069120 204800
772 autodock1181 1800 8069120 204800
773 autodock1087 1800 8069120 204800
774 autodock417 1800 8069120 204800
775 autodock694 1800 8069120 204800
776 autodock231 1800 8069120 204800
777 autodock648 1800 8069120 204800
778 autodock1105 1800 8069120 204800
779 autodock1510 1800 8069120 204800
780 autodock1182 1800 8069120 204800
781 autodock9 1800 8069120 204800
782 autodock198 1800 8069120 204800
783 autodock873 1800 8069120 204800
784 autodock1679 1800 8069120 204800
785 autodock19 1800 8069120 204800
786 autodock351 1800 8069120 204800
787 autodock315 1800 8069120 204800
788 autodock1305 1800 8069120 204800
789 autodock1559 1800 8069120 204800
790 autodock1508 1800 8069120 204800
791 autodock197 1800 8069120 204800
792 autodock1641 1800 8069120 204800
793 autodock1127 1800 8069120 204800
794 autodock316 1800 8069120 204800
795 autodock200 1800 8069120 204800
796 autodock527 1800 8069120 204800
797 autodock190 1800 8069120 204800
798 autodock1954 1800 8069120 204800
799 autodock247 1800 8069120 204800
800 autodock189 1800 8069120 204800
801 autodock303 1800 8069120 204800
802 autodock318 1800 8069120 204800
803 autodock1916 1800 8069120 204800
804 autodock1548 1800 8069120 204800
805 autodock990 1800 8069120 204800
806 autodock319 1800 8069120 204800
807 autodock753 1800 8069120 204800
808 autodock202 1800 8069120 204800
809 autodock152 1800 8069120 204800
810 autodock798 1800 8069120 204800
811 autodock191 1800 8069120 204800
812 autodock320 1800 8069120 204800
813 autodock1447 1800 8069120 204800
814 autodock817 1800 8069120 204800
815 autodock321 1800 8069120 204800
816 autodock1486 1800 8069120 204800
817 autodock1747 1800 8069120 204800
818 autodock831 1800 8069120 204800
819 autodock1880 1800 8069120 204800
820 autodock199 1800 8069120 204800
821 autodock1709 1800 8069120 204800
822 autodock1277 1800 8069120 204800
823 autodock1354 1800 8069120 204800
824 autodock929 1800 8069120 204800
825 autodock323 1800 8069120 204800
826 autodock436 1800 8069120 204800
827 autodock16 1800 8069120 204800
828 autodock18 1800 8069120 204800
829 autodock458 1800 8069120 204800
830 autodock897 1800 8069120 204800
831 autodock1145 1800 8069120 204800
832 autodock1933 1800 8069120 204800
833 autodock20 1800 8069120 204800
834 autodock1553 1800 8069120 204800
835 autodock268 1800 8069120 204800
836 autodock194 1800 8069120 204800
837 autodock1698 1800 8069120 204800
838 autodock325 1800 8069120 204800
839 autodock1972 1800 8069120 204800
840 autodock561 1800 8069120 204800
841 autodock1527 1800 8069120 204800
842 autodock1394 1800 8069120 204800
843 autodock326 1800 8069120 204800
844 autodock553 1800 8069120 204800
845 autodock332 1800 8069120 204800
846 autodock196 1800 8069120 204800
847 autodock1566 1800 8069120 204800
848 autodock1000 1800 8069120 204800
849 autodock327 1800 8069120 204800
850 autodock1185 1800 8069120 204800
851 autodock312 1800 8069120 204800
852 autodock22 1800 8069120 204800
853 autodock1605 1800 8069120 204800
854 autodock676 1800 8069120 204800
855 autodock328 1800 8069120 204800
856 autodock1726 1800 8069120 204800
857 autodock1044 1800 8069120 204800
858 autodock383 1800 8069120 204800
859 autodock63 1800 8069120 204800
860 autodock793 1800 8069120 204800
861 autodock865 1800 8069120 204800
862 autodock64 1800 8069120 204800
863 autodock1804 1800 8069120 204800
864 autodock975 1800 8069120 204800
865 autodock1996 1800 8069120 204800
866 autodock65 1800 8069120 204800
867 autodock562 1800 8069120 204800
868 autodock1766 1800 8069120 204800
869 autodock1247 1800 8069120 204800
870 autodock66 1800 8069120 204800
871 autodock784 1800 8069120 204800
872 autodock1373 1800 8069120 204800
873 autodock1125 1800 8069120 204800
874 autodock67 1800 8069120 204800
875 autodock851 1800 8069120 204800
876 autodock1844 1800 8069120 204800
877 autodock1545 1800 8069120 204800
878 autodock1547 1800 8069120 204800
879 autodock1412 1800 8069120 204800
880 autodock1241 1800 8069120 204800
881 autodock68 1800 8069120 204800
882 autodock875 1800 8069120 204800
883 autodock732 1800 8069120 204800
884 autodock69 1800 8069120 204800
885 autodock1991 1800 8069120 204800
886 autodock214 1800 8069120 204800
887 autodock306 1800 8069120 204800
888 autodock70 1800 8069120 204800
889 autodock1585 1800 8069120 204800
890 autodock579 1800 8069120 204800
891 autodock166 1800 8069120 204800
892 autodock71 1800 8069120 204800
893 autodock563 1800 8069120 204800
894 autodock1624 1800 8069120 204800
895 autodock72 1800 8069120 204800
896 autodock1663 1800 8069120 204800
897 autodock1390 1800 8069120 204800
898 autodock73 1800 8069120 204800
899 autodock1492 1800 8069120 204800
900 autodock812 1800 8069120 204800
901 autodock1881 1800 8069120 204800
902 autodock286 1800 8069120 204800
903 autodock363 1800 8069120 204800
904 autodock1899 1800 8069120 204800
905 autodock74 1800 8069120 204800
906 autodock1324 1800 8069120 204800
907 autodock146 1800 8069120 204800
908 autodock1823 1800 8069120 204800
909 autodock1468 1800 8069120 204800
910 autodock75 1800 8069120 204800
911 autodock1220 1800 8069120 204800
912 autodock1862 1800 8069120 204800
913 autodock956 1800 8069120 204800
914 autodock461 1800 8069120 204800
915 autodock1430 1800 8069120 204800
916 autodock76 1800 8069120 204800
917 autodock496 1800 8069120 204800
918 autodock1088 1800 8069120 204800
919 autodock467 1800 8069120 204800
920 autodock695 1800 8069120 204800
921 autodock232 1800 8069120 204800
922 autodock649 1800 8069120 204800
923 autodock1071 1800 8069120 204800
924 autodock489 1800 8069120 204800
925 autodock955 1800 8069120 204800
926 autodock1260 1800 8069120 204800
927 autodock1072 1800 8069120 204800
928 autodock874 1800 8069120 204800
929 autodock1999 1800 8069120 204800
930 autodock1680 1800 8069120 204800
931 autodock494 1800 8069120 204800
932 autodock492 1800 8069120 204800
933 autodock1509 1800 8069120 204800
934 autodock1073 1800 8069120 204800
935 autodock749 1800 8069120 204800
936 autodock485 1800 8069120 204800
937 autodock1642 1800 8069120 204800
938 autodock1128 1800 8069120 204800
939 autodock491 1800 8069120 204800
940 autodock317 1800 8069120 204800
941 autodock528 1800 8069120 204800
942 autodock484 1800 8069120 204800
943 autodock322 1800 8069120 204800
944 autodock1955 1800 8069120 204800
945 autodock248 1800 8069120 204800
946 autodock1075 1800 8069120 204800
947 autodock868 1800 8069120 204800
948 autodock15 1800 8069120 204800
949 autodock1917 1800 8069120 204800
950 autodock1549 1800 8069120 204800
951 autodock1076 1800 8069120 204800
952 autodock991 1800 8069120 204800
953 autodock754 1800 8069120 204800
954 autodock803 1800 8069120 204800
955 autodock490 1800 8069120 204800
956 autodock891 1800 8069120 204800
957 autodock1995 1800 8069120 204800
958 autodock1448 1800 8069120 204800
959 autodock1078 1800 8069120 204800
960 autodock505 1800 8069120 204800
961 autodock487 1800 8069120 204800
962 autodock1487 1800 8069120 204800
963 autodock1748 1800 8069120 204800
964 autodock1079 1800 8069120 204800
965 autodock611 1800 8069120 204800
966 autodock832 1800 8069120 204800
967 autodock1749 1800 8069120 204800
968 autodock878 1800 8069120 204800
969 autodock140 1800 8069120 204800
970 autodock1080 1800 8069120 204800
971 autodock830 1800 8069120 204800
972 prepare 120 153600 1024
973 autodock1107 1800 8069120 204800
974 autodock437 1800 8069120 204800
975 autodock495 1800 8069120 204800
976 autodock1798 1800 8069120 204800
977 autodock1081 1800 8069120 204800
978 autodock1191 1800 8069120 204800
979 autodock1146 1800 8069120 204800
980 autodock1405 1800 8069120 204800
981 autodock1934 1800 8069120 204800
982 autodock1845 1800 8069120 204800
983 autodock1082 1800 8069120 204800
984 autodock1482 1800 8069120 204800
985 autodock493 1800 8069120 204800
986 autodock1699 1800 8069120 204800
987 autodock1973 1800 8069120 204800
988 autodock483 1800 8069120 204800
989 autodock1112 1800 8069120 204800
990 autodock1083 1800 8069120 204800
991 autodock1528 1800 8069120 204800
992 autodock486 1800 8069120 204800
993 autodock1395 1800 8069120 204800
994 autodock554 1800 8069120 204800
995 autodock1084 1800 8069120 204800
996 autodock1567 1800 8069120 204800
997 autodock23 1800 8069120 204800
998 autodock1606 1800 8069120 204800
999 autodock1281 1800 8069120 204800
1000 autodock879 1800 8069120 204800
1001 autodock922 1800 8069120 204800
1002 autodock1727 1800 8069120 204800
1003 autodock1645 1800 8069120 204800
1004 autodock1282 1800 8069120 204800
1005 autodock1479 1800 8069120 204800
1006 autodock1283 1800 8069120 204800
1007 autodock310 1800 8069120 204800
1008 autodock1805 1800 8069120 204800
1009 autodock430 1800 8069120 204800
1010 autodock1743 1800 8069120 204800
1011 autodock1767 1800 8069120 204800
1012 autodock431 1800 8069120 204800
1013 autodock229 1800 8069120 204800
1014 autodock1883 1800 8069120 204800
1015 autodock1286 1800 8069120 204800
1016 autodock441 1800 8069120 204800
1017 autodock1374 1800 8069120 204800
1018 autodock894 1800 8069120 204800
1019 autodock1546 1800 8069120 204800
1020 autodock1287 1800 8069120 204800
1021 autodock1413 1800 8069120 204800
1022 autodock1165 1800 8069120 204800
1023 autodock193 1800 8069120 204800
1024 autodock434 1800 8069120 204800
1025 autodock1992 1800 8069120 204800
1026 autodock215 1800 8069120 204800
1027 autodock1289 1800 8069120 204800
1028 autodock465 1800 8069120 204800
1029 autodock1705 1800 8069120 204800
1030 autodock1290 1800 8069120 204800
1031 autodock881 1800 8069120 204800
1032 autodock1291 1800 8069120 204800
1033 autodock1625 1800 8069120 204800
1034 autodock438 1800 8069120 204800
1035 autodock1310 1800 8069120 204800
1036 autodock1391 1800 8069120 204800
1037 autodock112 1800 8069120 204800
1038 autodock1293 1800 8069120 204800
1039 autodock1900 1800 8069120 204800
1040 autodock201 1800 8069120 204800
1041 autodock1294 1800 8069120 204800
1042 autodock1652 1800 8069120 204800
1043 autodock1469 1800 8069120 204800
1044 autodock1221 1800 8069120 204800
1045 autodock748 1800 8069120 204800
1046 autodock1863 1800 8069120 204800
1047 autodock1298 1800 8069120 204800
1048 autodock1194 1800 8069120 204800
1049 autodock1491 1800 8069120 204800
1050 autodock1431 1800 8069120 204800
1051 autodock520 1800 8069120 204800
1052 autodock517 1800 8069120 204800
1053 autodock1089 1800 8069120 204800
1054 autodock1731 1800 8069120 204800
1055 autodock650 1800 8069120 204800
1056 autodock738 1800 8069120 204800
1057 autodock1493 1800 8069120 204800
1058 autodock1311 1800 8069120 204800
1059 autodock1681 1800 8069120 204800
1060 autodock513 1800 8069120 204800
1061 autodock742 1800 8069120 204800
1062 autodock1643 1800 8069120 204800
1063 autodock1495 1800 8069120 204800
1064 autodock1129 1800 8069120 204800
1065 autodock524 1800 8069120 204800
1066 autodock1691 1800 8069120 204800
1067 autodock882 1800 8069120 204800
1068 autodock515 1800 8069120 204800
1069 autodock1496 1800 8069120 204800
1070 autodock1956 1800 8069120 204800
1071 autodock735 1800 8069120 204800
1072 autodock775 1800 8069120 204800
1073 autodock518 1800 8069120 204800
1074 autodock313 1800 8069120 204800
1075 autodock746 1800 8069120 204800
1076 autodock1918 1800 8069120 204800
1077 autodock1550 1800 8069120 204800
1078 autodock744 1800 8069120 204800
1079 autodock1498 1800 8069120 204800
1080 autodock755 1800 8069120 204800
1081 autodock512 1800 8069120 204800
1082 autodock741 1800 8069120 204800
1083 autodock1499 1800 8069120 204800
1084 autodock511 1800 8069120 204800
1085 autodock747 1800 8069120 204800
1086 autodock1312 1800 8069120 204800
1087 autodock523 1800 8069120 204800
1088 autodock1488 1800 8069120 204800
1089 autodock516 1800 8069120 204800
1090 autodock1882 1800 8069120 204800
1091 autodock1501 1800 8069120 204800
1092 autodock736 1800 8069120 204800
1093 autodock883 1800 8069120 204800
1094 autodock521 1800 8069120 204800
1095 autodock1711 1800 8069120 204800
1096 autodock514 1800 8069120 204800
1097 autodock743 1800 8069120 204800
1098 autodock745 1800 8069120 204800
1099 autodock468 1800 8069120 204800
1100 autodock1503 1800 8069120 204800
1101 autodock900 1800 8069120 204800
1102 autodock1147 1800 8069120 204800
1103 autodock1935 1800 8069120 204800
1104 autodock1789 1800 8069120 204800
1105 autodock519 1800 8069120 204800
1106 autodock1504 1800 8069120 204800
1107 autodock1700 1800 8069120 204800
1108 autodock1974 1800 8069120 204800
1109 autodock1828 1800 8069120 204800
1110 autodock1529 1800 8069120 204800
1111 autodock899 1800 8069120 204800
1112 autodock1396 1800 8069120 204800
1113 autodock964 1800 8069120 204800
1114 autodock1085 1800 8069120 204800
1115 autodock1568 1800 8069120 204800
1116 autodock1313 1800 8069120 204800
1117 autodock898 1800 8069120 204800
1118 autodock51 1800 8069120 204800
1119 autodock302 1800 8069120 204800
1120 autodock391 1800 8069120 204800
1121 autodock24 1800 8069120 204800
1122 autodock1607 1800 8069120 204800
1123 autodock457 1800 8069120 204800
1124 autodock884 1800 8069120 204800
1125 autodock1728 1800 8069120 204800
1126 autodock1646 1800 8069120 204800
1127 autodock1046 1800 8069120 204800
1128 autodock901 1800 8069120 204800
1129 autodock1186 1800 8069120 204800
1130 autodock1810 1800 8069120 204800
1131 autodock305 1800 8069120 204800
1132 autodock1586 1800 8069120 204800
1133 autodock1806 1800 8069120 204800
1134 autodock977 1800 8069120 204800
1135 autodock895 1800 8069120 204800
1136 autodock460 1800 8069120 204800
1137 autodock259 1800 8069120 204800
1138 autodock889 1800 8069120 204800
1139 autodock1768 1800 8069120 204800
1140 autodock867 1800 8069120 204800
1141 autodock893 1800 8069120 204800
1142 autodock446 1800 8069120 204800
1143 autodock1190 1800 8069120 204800
1144 autodock853 1800 8069120 204800
1145 autodock1846 1800 8069120 204800
1146 autodock892 1800 8069120 204800
1147 autodock1093 1800 8069120 204800
1148 autodock1166 1800 8069120 204800
1149 autodock885 1800 8069120 204800
1150 autodock464 1800 8069120 204800
1151 autodock1993 1800 8069120 204800
1152 autodock902 1800 8069120 204800
1153 autodock871 1800 8069120 204800
1154 autodock1587 1800 8069120 204800
1155 autodock872 1800 8069120 204800
1156 autodock834 1800 8069120 204800
1157 autodock168 1800 8069120 204800
1158 autodock1626 1800 8069120 204800
1159 autodock789 1800 8069120 204800
1160 autodock1097 1800 8069120 204800
1161 autodock890 1800 8069120 204800
1162 autodock896 1800 8069120 204800
1163 autodock447 1800 8069120 204800
1164 autodock1455 1800 8069120 204800
1165 autodock314 1800 8069120 204800
1166 autodock1392 1800 8069120 204800
1167 autodock1494 1800 8069120 204800
1168 autodock814 1800 8069120 204800
1169 autodock1901 1800 8069120 204800
1170 autodock352 1800 8069120 204800
1171 autodock886 1800 8069120 204800
1172 autodock833 1800 8069120 204800
1173 autodock1825 1800 8069120 204800
1174 autodock7 1800 8069120 204800
1175 autodock1470 1800 8069120 204800
1176 autodock666 1800 8069120 204800
1177 autodock1864 1800 8069120 204800
1178 autodock1299 1800 8069120 204800
1179 autodock958 1800 8069120 204800
1180 autodock1432 1800 8069120 204800
1181 autodock373 1800 8069120 204800
1182 autodock1090 1800 8069120 204800
1183 autodock1297 1800 8069120 204800
1184 autodock354 1800 8069120 204800
1185 autodock1375 1800 8069120 204800
1186 autodock1452 1800 8069120 204800
1187 autodock1852 1800 8069120 204800
1188 autodock6 1800 8069120 204800
1189 autodock837 1800 8069120 204800
1190 autodock1262 1800 8069120 204800
1191 autodock1695 1800 8069120 204800
1192 autodock1316 1800 8069120 204800
1193 autodock5 1800 8069120 204800
1194 autodock642 1800 8069120 204800
1195 autodock1511 1800 8069120 204800
1196 autodock356 1800 8069120 204800
1197 autodock1130 1800 8069120 204800
1198 autodock1335 1800 8069120 204800
1199 autodock839 1800 8069120 204800
1200 autodock530 1800 8069120 204800
1201 autodock324 1800 8069120 204800
1202 autodock1957 1800 8069120 204800
1203 autodock783 1800 8069120 204800
1204 autodock266 1800 8069120 204800
1205 autodock250 1800 8069120 204800
1206 autodock1589 1800 8069120 204800
1207 autodock344 1800 8069120 204800
1208 autodock350 1800 8069120 204800
1209 autodock295 1800 8069120 204800
1210 autodock1919 1800 8069120 204800
1211 autodock953 1800 8069120 204800
1212 autodock1449 1800 8069120 204800
1213 autodock1551 1800 8069120 204800
1214 autodock1884 1800 8069120 204800
1215 autodock343 1800 8069120 204800
1216 autodock1414 1800 8069120 204800
1217 autodock216 1800 8069120 204800
1218 autodock993 1800 8069120 204800
1219 autodock4 1800 8069120 204800
1220 autodock374 1800 8069120 204800
1221 autodock756 1800 8069120 204800
1222 autodock646 1800 8069120 204800
1223 autodock1544 1800 8069120 204800
1224 autodock355 1800 8069120 204800
1225 autodock1997 1800 8069120 204800
1226 autodock675 1800 8069120 204800
1227 autodock449 1800 8069120 204800
1228 autodock353 1800 8069120 204800
1229 autodock270 1800 8069120 204800
1230 autodock1489 1800 8069120 204800
1231 autodock1750 1800 8069120 204800
1232 autodock843 1800 8069120 204800
1233 autodock780 1800 8069120 204800
1234 autodock1336 1800 8069120 204800
1235 autodock677 1800 8069120 204800
1236 autodock1712 1800 8069120 204800
1237 autodock1613 1800 8069120 204800
1238 autodock345 1800 8069120 204800
1239 autodock349 1800 8069120 204800
1240 autodock439 1800 8069120 204800
1241 autodock384 1800 8069120 204800
1242 autodock1936 1800 8069120 204800
1243 autodock271 1800 8069120 204800
1244 autodock35 1800 8069120 204800
1245 autodock1435 1800 8069120 204800
1246 autodock263 1800 8069120 204800
1247 autodock1975 1800 8069120 204800
1248 autodock1829 1800 8069120 204800
1249 autodock36 1800 8069120 204800
1250 autodock1397 1800 8069120 204800
1251 autodock556 1800 8069120 204800
1252 autodock819 1800 8069120 204800
1253 autodock597 1800 8069120 204800
1254 autodock1569 1800 8069120 204800
1255 autodock1318 1800 8069120 204800
1256 autodock1188 1800 8069120 204800
1257 autodock392 1800 8069120 204800
1258 autodock25 1800 8069120 204800
1259 autodock598 1800 8069120 204800
1260 autodock1608 1800 8069120 204800
1261 autodock347 1800 8069120 204800
1262 autodock39 1800 8069120 204800
1263 autodock1647 1800 8069120 204800
1264 autodock1047 1800 8069120 204800
1265 autodock221 1800 8069120 204800
1266 autodock796 1800 8069120 204800
1267 autodock600 1800 8069120 204800
1268 autodock161 1800 8069120 204800
1269 autodock709 1800 8069120 204800
1270 autodock601 1800 8069120 204800
1271 autodock1807 1800 8069120 204800
1272 autodock670 1800 8069120 204800
1273 autodock602 1800 8069120 204800
1274 autodock1769 1800 8069120 204800
1275 autodock603 1800 8069120 204800
1276 autodock1885 1800 8069120 204800
1277 autodock451 1800 8069120 204800
1278 autodock1376 1800 8069120 204800
1279 autodock854 1800 8069120 204800
1280 autodock44 1800 8069120 204800
1281 autodock1847 1800 8069120 204800
1282 autodock371 1800 8069120 204800
1283 autodock1415 1800 8069120 204800
1284 autodock1167 1800 8069120 204800
1285 autodock595 1800 8069120 204800
1286 autodock605 1800 8069120 204800
1287 autodock939 1800 8069120 204800
1288 autodock606 1800 8069120 204800
1289 autodock1226 1800 8069120 204800
1290 autodock47 1800 8069120 204800
1291 autodock1588 1800 8069120 204800
1292 autodock1074 1800 8069120 204800
1293 autodock835 1800 8069120 204800
1294 autodock377 1800 8069120 204800
1295 autodock141 1800 8069120 204800
1296 autodock608 1800 8069120 204800
1297 autodock1627 1800 8069120 204800
1298 autodock1113 1800 8069120 204800
1299 autodock1533 1800 8069120 204800
1300 autodock1320 1800 8069120 204800
1301 autodock1015 1800 8069120 204800
1302 autodock1940 1800 8069120 204800
1303 autodock1948 1800 8069120 204800
1304 autodock1016 1800 8069120 204800
1305 autodock367 1800 8069120 204800
1306 autodock1902 1800 8069120 204800
1307 autodock1826 1800 8069120 204800
1308 autodock1017 1800 8069120 204800
1309 autodock1665 1800 8069120 204800
1310 autodock1471 1800 8069120 204800
1311 autodock567 1800 8069120 204800
1312 autodock163 1800 8069120 204800
1313 autodock1018 1800 8069120 204800
1314 autodock1300 1800 8069120 204800
1315 autodock1433 1800 8069120 204800
1316 autodock1019 1800 8069120 204800
1317 autodock1091 1800 8069120 204800
1318 autodock378 1800 8069120 204800
1319 autodock1733 1800 8069120 204800
1320 autodock1020 1800 8069120 204800
1321 autodock274 1800 8069120 204800
1322 autodock1987 1800 8069120 204800
1323 autodock1321 1800 8069120 204800
1324 autodock1021 1800 8069120 204800
1325 autodock1340 1800 8069120 204800
1326 autodock1476 1800 8069120 204800
1327 autodock1512 1800 8069120 204800
1328 autodock1022 1800 8069120 204800
1329 autodock1732 1800 8069120 204800
1330 autodock1131 1800 8069120 204800
1331 autodock531 1800 8069120 204800
1332 autodock1023 1800 8069120 204800
1333 autodock1958 1800 8069120 204800
1334 autodock251 1800 8069120 204800
1335 autodock1590 1800 8069120 204800
1336 autodock164 1800 8069120 204800
1337 autodock455 1800 8069120 204800
1338 autodock1024 1800 8069120 204800
1339 autodock637 1800 8069120 204800
1340 autodock1920 1800 8069120 204800
1341 autodock1552 1800 8069120 204800
1342 autodock1025 1800 8069120 204800
1343 autodock994 1800 8069120 204800
1344 autodock267 1800 8069120 204800
1345 autodock757 1800 8069120 204800
1346 autodock1984 1800 8069120 204800
1347 autodock1026 1800 8069120 204800
1348 autodock1998 1800 8069120 204800
1349 autodock454 1800 8069120 204800
1350 autodock1027 1800 8069120 204800
1351 autodock1490 1800 8069120 204800
1352 autodock1751 1800 8069120 204800
1353 autodock614 1800 8069120 204800
1354 autodock1028 1800 8069120 204800
1355 autodock1187 1800 8069120 204800
1356 autodock1713 1800 8069120 204800
1357 autodock1197 1800 8069120 204800
1358 autodock1222 1800 8069120 204800
1359 autodock1110 1800 8069120 204800
1360 autodock440 1800 8069120 204800
1361 autodock1386 1800 8069120 204800
1362 autodock38 1800 8069120 204800
1363 autodock1939 1800 8069120 204800
1364 autodock1259 1800 8069120 204800
1365 autodock1229 1800 8069120 204800
1366 autodock346 1800 8069120 204800
1367 autodock400 1800 8069120 204800
1368 autodock1981 1800 8069120 204800
1369 autodock1149 1800 8069120 204800
1370 autodock1937 1800 8069120 204800
1371 autodock651 1800 8069120 204800
1372 autodock272 1800 8069120 204800
1373 autodock401 1800 8069120 204800
1374 autodock1436 1800 8069120 204800
1375 autodock842 1800 8069120 204800
1376 autodock1976 1800 8069120 204800
1377 autodock1830 1800 8069120 204800
1378 autodock1531 1800 8069120 204800
1379 autodock1200 1800 8069120 204800
1380 autodock1398 1800 8069120 204800
1381 autodock966 1800 8069120 204800
1382 autodock1227 1800 8069120 204800
1383 autodock557 1800 8069120 204800
1384 autodock820 1800 8069120 204800
1385 autodock1869 1800 8069120 204800
1386 autodock1570 1800 8069120 204800
1387 autodock466 1800 8069120 204800
1388 autodock403 1800 8069120 204800
1389 autodock1189 1800 8069120 204800
1390 autodock393 1800 8069120 204800
1391 autodock26 1800 8069120 204800
1392 autodock1741 1800 8069120 204800
1393 autodock1609 1800 8069120 204800
1394 autodock918 1800 8069120 204800
1395 autodock1383 1800 8069120 204800
1396 autodock404 1800 8069120 204800
1397 autodock1211 1800 8069120 204800
1398 autodock1783 1800 8069120 204800
1399 autodock1648 1800 8069120 204800
1400 autodock1048 1800 8069120 204800
1401 autodock699 1800 8069120 204800
1402 autodock797 1800 8069120 204800
1403 autodock1230 1800 8069120 204800
1404 autodock1687 1800 8069120 204800
1405 autodock1204 1800 8069120 204800
1406 autodock710 1800 8069120 204800
1407 autodock1808 1800 8069120 204800
1408 autodock979 1800 8069120 204800
1409 autodock1205 1800 8069120 204800
1410 autodock269 1800 8069120 204800
1411 autodock1770 1800 8069120 204800
1412 autodock463 1800 8069120 204800
1413 autodock301 1800 8069120 204800
1414 autodock408 1800 8069120 204800
1415 autodock1738 1800 8069120 204800
1416 autodock665 1800 8069120 204800
1417 autodock273 1800 8069120 204800
1418 autodock1886 1800 8069120 204800
1419 autodock1780 1800 8069120 204800
1420 autodock31 1800 8069120 204800
1421 autodock1377 1800 8069120 204800
1422 autodock1715 1800 8069120 204800
1423 autodock855 1800 8069120 204800
1424 autodock1848 1800 8069120 204800
1425 autodock372 1800 8069120 204800
1426 autodock1208 1800 8069120 204800
1427 autodock50 1800 8069120 204800
1428 autodock1416 1800 8069120 204800
1429 autodock1245 1800 8069120 204800
1430 autodock1560 1800 8069120 204800
1431 autodock596 1800 8069120 204800
1432 autodock729 1800 8069120 204800
1433 autodock411 1800 8069120 204800
1434 autodock1207 1800 8069120 204800
1435 autodock657 1800 8069120 204800
1436 autodock412 1800 8069120 204800
1437 autodock135 1800 8069120 204800
1438 autodock533 1800 8069120 204800
1439 autodock145 1800 8069120 204800
1440 autodock836 1800 8069120 204800
1441 autodock1306 1800 8069120 204800
1442 autodock1099 1800 8069120 204800
1443 autodock1628 1800 8069120 204800
1444 autodock1114 1800 8069120 204800
1445 autodock1100 1800 8069120 204800
1446 autodock1534 1800 8069120 204800
1447 autodock1426 1800 8069120 204800
1448 autodock1729 1800 8069120 204800
1449 autodock1667 1800 8069120 204800
1450 autodock139 1800 8069120 204800
1451 autodock1941 1800 8069120 204800
1452 autodock555 1800 8069120 204800
1453 autodock623 1800 8069120 204800
1454 autodock816 1800 8069120 204800
1455 autodock143 1800 8069120 204800
1456 autodock1213 1800 8069120 204800
1457 autodock794 1800 8069120 204800
1458 autodock203 1800 8069120 204800
1459 autodock662 1800 8069120 204800
1460 autodock795 1800 8069120 204800
1461 autodock1472 1800 8069120 204800
1462 autodock568 1800 8069120 204800
1463 autodock658 1800 8069120 204800
1464 autodock1682 1800 8069120 204800
1465 autodock1866 1800 8069120 204800
1466 autodock1301 1800 8069120 204800
1467 autodock932 1800 8069120 204800
1468 autodock558 1800 8069120 204800
1469 autodock1434 1800 8069120 204800
1470 autodock137 1800 8069120 204800
1471 autodock1092 1800 8069120 204800
1472 autodock422 1800 8069120 204800
1473 autodock845 1800 8069120 204800
1474 autodock559 1800 8069120 204800
1475 autodock236 1800 8069120 204800
1476 autodock1379 1800 8069120 204800
1477 autodock560 1800 8069120 204800
1478 autodock1773 1800 8069120 204800
1479 autodock1264 1800 8069120 204800
1480 autodock1684 1800 8069120 204800
1481 autodock1170 1800 8069120 204800
1482 autodock799 1800 8069120 204800
1483 autodock1513 1800 8069120 204800
1484 autodock52 1800 8069120 204800
1485 autodock1108 1800 8069120 204800
1486 autodock1644 1800 8069120 204800
1487 autodock945 1800 8069120 204800
1488 autodock1771 1800 8069120 204800
1489 autodock136 1800 8069120 204800
1490 autodock1959 1800 8069120 204800
1491 autodock1109 1800 8069120 204800
1492 autodock252 1800 8069120 204800
1493 autodock1591 1800 8069120 204800
1494 autodock1233 1800 8069120 204800
1495 autodock456 1800 8069120 204800
1496 autodock638 1800 8069120 204800
1497 autodock802 1800 8069120 204800
1498 autodock134 1800 8069120 204800
1499 autodock1043 1800 8069120 204800
1500 autodock142 1800 8069120 204800
1501 autodock995 1800 8069120 204800
1502 autodock678 1800 8069120 204800
1503 autodock1111 1800 8069120 204800
1504 autodock863 1800 8069120 204800
1505 autodock133 1800 8069120 204800
1506 autodock348 1800 8069120 204800
1507 autodock566 1800 8069120 204800
1508 autodock1631 1800 8069120 204800
1509 autodock1309 1800 8069120 204800
1510 autodock1752 1800 8069120 204800
1511 autodock613 1800 8069120 204800
1512 autodock442 1800 8069120 204800
1513 autodock1714 1800 8069120 204800
1514 autodock443 1800 8069120 204800
1515 autodock660 1800 8069120 204800
1516 autodock1150 1800 8069120 204800
1517 autodock1938 1800 8069120 204800
1518 autodock444 1800 8069120 204800
1519 autodock1792 1800 8069120 204800
1520 autodock1437 1800 8069120 204800
1521 autodock1977 1800 8069120 204800
1522 autodock445 1800 8069120 204800
1523 autodock1831 1800 8069120 204800
1524 autodock1532 1800 8069120 204800
1525 autodock1399 1800 8069120 204800
1526 autodock1314 1800 8069120 204800
1527 autodock1141 1800 8069120 204800
1528 autodock1870 1800 8069120 204800
1529 autodock1571 1800 8069120 204800
1530 autodock1267 1800 8069120 204800
1531 autodock27 1800 8069120 204800
1532 autodock1315 1800 8069120 204800
1533 autodock1610 1800 8069120 204800
1534 autodock54 1800 8069120 204800
1535 autodock448 1800 8069120 204800
1536 autodock1649 1800 8069120 204800
1537 autodock46 1800 8069120 204800
1538 autodock1317 1800 8069120 204800
1539 autodock661 1800 8069120 204800
1540 autodock1688 1800 8069120 204800
1541 autodock711 1800 8069120 204800
1542 autodock1809 1800 8069120 204800
1543 autodock84 1800 8069120 204800
1544 autodock1319 1800 8069120 204800
1545 autodock864 1800 8069120 204800
1546 autodock452 1800 8069120 204800
1547 autodock708 1800 8069120 204800
1548 autodock1887 1800 8069120 204800
1549 autodock1378 1800 8069120 204800
1550 autodock1716 1800 8069120 204800
1551 autodock453 1800 8069120 204800
1552 autodock1849 1800 8069120 204800
1553 autodock55 1800 8069120 204800
1554 autodock1417 1800 8069120 204800
1555 autodock1922 1800 8069120 204800
1556 autodock1246 1800 8069120 204800
1557 autodock1322 1800 8069120 204800
1558 autodock172 1800 8069120 204800
1559 autodock49 1800 8069120 204800
1560 autodock1285 1800 8069120 204800
1561 autodock848 1800 8069120 204800
1562 autodock861 1800 8069120 204800
1563 autodock1045 1800 8069120 204800
1564 autodock1629 1800 8069120 204800
1565 autodock1535 1800 8069120 204800
1566 autodock37 1800 8069120 204800
1567 autodock1214 1800 8069120 204800
1568 autodock1668 1800 8069120 204800
1569 autodock1942 1800 8069120 204800
1570 autodock1497 1800 8069120 204800
1571 autodock53 1800 8069120 204800
1572 autodock1050 1800 8069120 204800
1573 autodock1904 1800 8069120 204800
1574 autodock852 1800 8069120 204800
1575 autodock1473 1800 8069120 204800
1576 autodock1575 1800 8069120 204800
1577 autodock1237 1800 8069120 204800
1578 autodock1049 1800 8069120 204800
1579 autodock1867 1800 8069120 204800
1580 autodock1302 1800 8069120 204800
1581 autodock933 1800 8069120 204800
1582 autodock56 1800 8069120 204800
1583 autodock1735 1800 8069120 204800
1584 autodock57 1800 8069120 204800
1585 autodock1380 1800 8069120 204800
1586 autodock1774 1800 8069120 204800
1587 autodock570 1800 8069120 204800
1588 autodock856 1800 8069120 204800
1589 autodock1685 1800 8069120 204800
1590 autodock1171 1800 8069120 204800
1591 autodock1813 1800 8069120 204800
1592 autodock1514 1800 8069120 204800
1593 autodock1053 1800 8069120 204800
1594 autodock617 1800 8069120 204800
1595 autodock946 1800 8069120 204800
1596 autodock858 1800 8069120 204800
1597 autodock1960 1800 8069120 204800
1598 autodock253 1800 8069120 204800
1599 autodock1592 1800 8069120 204800
1600 autodock664 1800 8069120 204800
1601 autodock1223 1800 8069120 204800
1602 autodock639 1800 8069120 204800
1603 autodock1913 1800 8069120 204800
1604 autodock1554 1800 8069120 204800
1605 autodock762 1800 8069120 204800
1606 autodock1444 1800 8069120 204800
1607 autodock759 1800 8069120 204800
1608 autodock525 1800 8069120 204800
1609 autodock2000 1800 8069120 204800
1610 autodock571 1800 8069120 204800
1611 autodock1632 1800 8069120 204800
1612 autodock298 1800 8069120 204800
1613 autodock971 1800 8069120 204800
1614 autodock1753 1800 8069120 204800
1615 autodock296 1800 8069120 204800
1616 autodock233 1800 8069120 204800
1617 autodock58 1800 8069120 204800
1618 autodock300 1800 8069120 204800
1619 autodock220 1800 8069120 204800
1620 autodock1360 1800 8069120 204800
1621 autodock529 1800 8069120 204800
1622 autodock1406 1800 8069120 204800
1623 autodock1483 1800 8069120 204800
1624 autodock1793 1800 8069120 204800
1625 autodock222 1800 8069120 204800
1626 autodock105 1800 8069120 204800
1627 autodock1438 1800 8069120 204800
1628 autodock1978 1800 8069120 204800
1629 autodock1832 1800 8069120 204800
1630 autodock237 1800 8069120 204800
1631 autodock1106 1800 8069120 204800
1632 autodock1400 1800 8069120 204800
1633 autodock968 1800 8069120 204800
1634 autodock294 1800 8069120 204800
1635 autodock40 1800 8069120 204800
1636 autodock1871 1800 8069120 204800
1637 autodock1572 1800 8069120 204800
1638 autodock980 1800 8069120 204800
1639 autodock287 1800 8069120 204800
1640 autodock28 1800 8069120 204800
1641 autodock290 1800 8069120 204800
1642 autodock1611 1800 8069120 204800
1643 autodock981 1800 8069120 204800
1644 autodock59 1800 8069120 204800
1645 autodock291 1800 8069120 204800
1646 autodock1650 1800 8069120 204800
1647 autodock1838 1800 8069120 204800
1648 autodock982 1800 8069120 204800
1649 autodock1403 1800 8069120 204800
1650 autodock1480 1800 8069120 204800
1651 autodock1689 1800 8069120 204800
1652 autodock227 1800 8069120 204800
1653 autodock293 1800 8069120 204800
1654 autodock536 1800 8069120 204800
1655 autodock99 1800 8069120 204800
1656 autodock153 1800 8069120 204800
1657 autodock299 1800 8069120 204800
1658 autodock985 1800 8069120 204800
1659 autodock289 1800 8069120 204800
1660 autodock297 1800 8069120 204800
1661 autodock41 1800 8069120 204800
1662 autodock1888 1800 8069120 204800
1663 autodock244 1800 8069120 204800
1664 autodock1456 1800 8069120 204800
1665 autodock1717 1800 8069120 204800
1666 autodock857 1800 8069120 204800
1667 autodock1850 1800 8069120 204800
1668 autodock915 1800 8069120 204800
1669 autodock60 1800 8069120 204800
1670 autodock77 1800 8069120 204800
1671 autodock1418 1800 8069120 204800
1672 autodock905 1800 8069120 204800
1673 autodock913 1800 8069120 204800
1674 autodock1481 1800 8069120 204800
1675 autodock78 1800 8069120 204800
1676 autodock1209 1800 8069120 204800
1677 autodock909 1800 8069120 204800
1678 autodock79 1800 8069120 204800
1679 autodock1757 1800 8069120 204800
1680 autodock903 1800 8069120 204800
1681 autodock1325 1800 8069120 204800
1682 autodock906 1800 8069120 204800
1683 autodock1077 1800 8069120 204800
1684 autodock80 1800 8069120 204800
1685 autodock838 1800 8069120 204800
1686 autodock910 1800 8069120 204800
1687 autodock1630 1800 8069120 204800
1688 autodock1116 1800 8069120 204800
1689 autodock81 1800 8069120 204800
1690 autodock1536 1800 8069120 204800
1691 autodock1148 1800 8069120 204800
1692 autodock912 1800 8069120 204800
1693 autodock1155 1800 8069120 204800
1694 autodock82 1800 8069120 204800
1695 autodock818 1800 8069120 204800
1696 autodock61 1800 8069120 204800
1697 autodock914 1800 8069120 204800
1698 autodock1905 1800 8069120 204800
1699 autodock904 1800 8069120 204800
1700 autodock908 1800 8069120 204800
1701 autodock1474 1800 8069120 204800
1702 autodock1576 1800 8069120 204800
1703 autodock1868 1800 8069120 204800
1704 autodock1303 1800 8069120 204800
1705 autodock85 1800 8069120 204800
1706 autodock1787 1800 8069120 204800
1707 autodock584 1800 8069120 204800
1708 autodock1094 1800 8069120 204800
1709 autodock86 1800 8069120 204800
1710 autodock309 1800 8069120 204800
1711 autodock238 1800 8069120 204800
1712 autodock907 1800 8069120 204800
1713 autodock538 1800 8069120 204800
1714 autodock1381 1800 8069120 204800
1715 autodock87 1800 8069120 204800
1716 autodock1775 1800 8069120 204800
1717 autodock43 1800 8069120 204800
1718 autodock916 1800 8069120 204800
1719 autodock1686 1800 8069120 204800
1720 autodock88 1800 8069120 204800
1721 autodock1814 1800 8069120 204800
1722 autodock1515 1800 8069120 204800
1723 autodock1224 1800 8069120 204800
1724 autodock1134 1800 8069120 204800
1725 autodock947 1800 8069120 204800
1726 autodock1421 1800 8069120 204800
1727 autodock911 1800 8069120 204800
1728 autodock90 1800 8069120 204800
1729 autodock1961 1800 8069120 204800
1730 autodock254 1800 8069120 204800
1731 autodock1593 1800 8069120 204800
1732 autodock640 1800 8069120 204800
1733 autodock1923 1800 8069120 204800
1734 autodock805 1800 8069120 204800
1735 autodock1555 1800 8069120 204800
1736 autodock1930 1800 8069120 204800
1737 autodock488 1800 8069120 204800
1738 autodock342 1800 8069120 204800
1739 autodock988 1800 8069120 204800
1740 autodock336 1800 8069120 204800
1741 autodock1115 1800 8069120 204800
1742 autodock155 1800 8069120 204800
1743 autodock1633 1800 8069120 204800
1744 autodock472 1800 8069120 204800
1745 autodock341 1800 8069120 204800
1746 autodock1824 1800 8069120 204800
1747 autodock1754 1800 8069120 204800
1748 autodock809 1800 8069120 204800
1749 autodock1361 1800 8069120 204800
1750 autodock1118 1800 8069120 204800
1751 autodock217 1800 8069120 204800
1752 autodock1119 1800 8069120 204800
1753 autodock1794 1800 8069120 204800
1754 autodock1272 1800 8069120 204800
1755 autodock110 1800 8069120 204800
1756 autodock1439 1800 8069120 204800
1757 autodock335 1800 8069120 204800
1758 autodock1979 1800 8069120 204800
1759 autodock667 1800 8069120 204800
1760 autodock1833 1800 8069120 204800
1761 autodock337 1800 8069120 204800
1762 autodock331 1800 8069120 204800
1763 autodock1401 1800 8069120 204800
1764 autodock969 1800 8069120 204800
1765 autodock813 1800 8069120 204800
1766 autodock823 1800 8069120 204800
1767 autodock1151 1800 8069120 204800
1768 autodock195 1800 8069120 204800
1769 autodock1573 1800 8069120 204800
1770 autodock334 1800 8069120 204800
1771 autodock339 1800 8069120 204800
1772 autodock1701 1800 8069120 204800
1773 autodock1192 1800 8069120 204800
1774 autodock1122 1800 8069120 204800
1775 autodock29 1800 8069120 204800
1776 autodock1612 1800 8069120 204800
1777 autodock428 1800 8069120 204800
1778 autodock815 1800 8069120 204800
1779 autodock1651 1800 8069120 204800
1780 autodock1051 1800 8069120 204800
1781 autodock1478 1800 8069120 204800
1782 autodock1925 1800 8069120 204800
1783 autodock260 1800 8069120 204800
1784 autodock1124 1800 8069120 204800
1785 autodock218 1800 8069120 204800
1786 autodock800 1800 8069120 204800
1787 autodock333 1800 8069120 204800
1788 autodock1690 1800 8069120 204800
1789 autodock450 1800 8069120 204800
1790 autodock329 1800 8069120 204800
1791 autodock999 1800 8069120 204800
1792 autodock713 1800 8069120 204800
1793 autodock338 1800 8069120 204800
1794 autodock1811 1800 8069120 204800
1795 autodock111 1800 8069120 204800
1796 autodock150 1800 8069120 204800
1797 autodock1126 1800 8069120 204800
1798 autodock304 1800 8069120 204800
1799 autodock668 1800 8069120 204800
1800 autodock578 1800 8069120 204800
1801 autodock1323 1800 8069120 204800
1802 autodock1889 1800 8069120 204800
1803 autodock358 1800 8069120 204800
1804 autodock1457 1800 8069120 204800
1805 autodock370 1800 8069120 204800
1806 autodock876 1800 8069120 204800
1807 autodock1851 1800 8069120 204800
1808 autodock365 1800 8069120 204800
1809 autodock375 1800 8069120 204800
1810 autodock1419 1800 8069120 204800
1811 autodock599 1800 8069120 204800
1812 autodock877 1800 8069120 204800
1813 autodock219 1800 8069120 204800
1814 autodock1326 1800 8069120 204800
1815 autodock1758 1800 8069120 204800
1816 autodock1327 1800 8069120 204800
1817 autodock369 1800 8069120 204800
1818 autodock588 1800 8069120 204800
1819 autodock361 1800 8069120 204800
1820 autodock173 1800 8069120 204800
1821 autodock880 1800 8069120 204800
1822 autodock368 1800 8069120 204800
1823 autodock1365 1800 8069120 204800
1824 autodock1117 1800 8069120 204800
1825 autodock790 1800 8069120 204800
1826 autodock1537 1800 8069120 204800
1827 autodock607 1800 8069120 204800
1828 autodock1329 1800 8069120 204800
1829 autodock1670 1800 8069120 204800
1830 autodock1156 1800 8069120 204800
1831 autodock1944 1800 8069120 204800
1832 autodock1330 1800 8069120 204800
1833 autodock1707 1800 8069120 204800
1834 autodock406 1800 8069120 204800
1835 autodock1906 1800 8069120 204800
1836 autodock357 1800 8069120 204800
1837 autodock206 1800 8069120 204800
1838 autodock1331 1800 8069120 204800
1839 autodock684 1800 8069120 204800
1840 autodock364 1800 8069120 204800
1841 autodock234 1800 8069120 204800
1842 autodock1577 1800 8069120 204800
1843 autodock1332 1800 8069120 204800
1844 autodock1304 1800 8069120 204800
1845 autodock935 1800 8069120 204800
1846 autodock1333 1800 8069120 204800
1847 autodock589 1800 8069120 204800
1848 autodock1095 1800 8069120 204800
1849 autodock425 1800 8069120 204800
1850 autodock702 1800 8069120 204800
1851 autodock362 1800 8069120 204800
1852 autodock239 1800 8069120 204800
1853 autodock1334 1800 8069120 204800
1854 autodock1453 1800 8069120 204800
1855 autodock1382 1800 8069120 204800
1856 autodock1853 1800 8069120 204800
1857 autodock359 1800 8069120 204800
1858 autodock1154 1800 8069120 204800
1859 autodock887 1800 8069120 204800
1860 autodock366 1800 8069120 204800
1861 autodock1173 1800 8069120 204800
1862 autodock1815 1800 8069120 204800
1863 autodock888 1800 8069120 204800
1864 autodock1135 1800 8069120 204800
1865 autodock948 1800 8069120 204800
1866 autodock1225 1800 8069120 204800
1867 autodock1669 1800 8069120 204800
1868 autodock1422 1800 8069120 204800
1869 autodock1962 1800 8069120 204800
1870 autodock235 1800 8069120 204800
1871 autodock255 1800 8069120 204800
1872 autodock1594 1800 8069120 204800
1873 autodock652 1800 8069120 204800
1874 autodock1244 1800 8069120 204800
1875 autodock641 1800 8069120 204800
1876 autodock1924 1800 8069120 204800
1877 autodock1556 1800 8069120 204800
1878 autodock1450 1800 8069120 204800
1879 autodock653 1800 8069120 204800
1880 autodock114 1800 8069120 204800
1881 autodock998 1800 8069120 204800
1882 autodock866 1800 8069120 204800
1883 autodock1228 1800 8069120 204800
1884 autodock1634 1800 8069120 204800
1885 autodock655 1800 8069120 204800
1886 autodock8 1800 8069120 204800
1887 autodock1755 1800 8069120 204800
1888 autodock618 1800 8069120 204800
1889 autodock656 1800 8069120 204800
1890 autodock931 1800 8069120 204800
1891 autodock781 1800 8069120 204800
1892 autodock1164 1800 8069120 204800
1893 autodock124 1800 8069120 204800
1894 autodock766 1800 8069120 204800
1895 autodock167 1800 8069120 204800
1896 autodock1362 1800 8069120 204800
1897 autodock978 1800 8069120 204800
1898 autodock42 1800 8069120 204800
1899 autodock96 1800 8069120 204800
1900 autodock1232 1800 8069120 204800
1901 autodock1153 1800 8069120 204800
1902 autodock1795 1800 8069120 204800
1903 autodock659 1800 8069120 204800
1904 autodock115 1800 8069120 204800
1905 autodock1440 1800 8069120 204800
1906 autodock1980 1800 8069120 204800
1907 autodock1834 1800 8069120 204800
1908 autodock170 1800 8069120 204800
1909 autodock1402 1800 8069120 204800
1910 autodock970 1800 8069120 204800
1911 autodock1231 1800 8069120 204800
1912 autodock169 1800 8069120 204800
1913 autodock1873 1800 8069120 204800
1914 autodock1574 1800 8069120 204800
1915 autodock171 1800 8069120 204800
1916 autodock1760 1800 8069120 204800
1917 autodock1702 1800 8069120 204800
1918 autodock1193 1800 8069120 204800
1919 autodock397 1800 8069120 204800
1920 autodock30 1800 8069120 204800
1921 autodock1236 1800 8069120 204800
1922 autodock204 1800 8069120 204800
1923 autodock429 1800 8069120 204800
1924 autodock663 1800 8069120 204800
1925 autodock1052 1800 8069120 204800
1926 autodock1926 1800 8069120 204800
1927 autodock261 1800 8069120 204800
1928 autodock223 1800 8069120 204800
1929 autodock801 1800 8069120 204800
1930 autodock1238 1800 8069120 204800
1931 autodock1520 1800 8069120 204800
1932 autodock101 1800 8069120 204800
1933 autodock1812 1800 8069120 204800
1934 autodock592 1800 8069120 204800
1935 autodock581 1800 8069120 204800
1936 autodock288 1800 8069120 204800
1937 autodock582 1800 8069120 204800
1938 autodock91 1800 8069120 204800
1939 autodock669 1800 8069120 204800
1940 autodock95 1800 8069120 204800
1941 autodock1890 1800 8069120 204800
1942 autodock583 1800 8069120 204800
1943 autodock405 1800 8069120 204800
1944 autodock1458 1800 8069120 204800
1945 autodock1719 1800 8069120 204800
1946 autodock859 1800 8069120 204800
1947 autodock103 1800 8069120 204800
1948 autodock1353 1800 8069120 204800
1949 autodock108 1800 8069120 204800
1950 autodock376 1800 8069120 204800
1951 autodock1420 1800 8069120 204800
1952 autodock1249 1800 8069120 204800
1953 autodock726 1800 8069120 204800
1954 autodock1952 1800 8069120 204800
1955 autodock585 1800 8069120 204800
1956 autodock224 1800 8069120 204800
1957 autodock98 1800 8069120 204800
1958 autodock1994 1800 8069120 204800
1959 autodock1288 1800 8069120 204800
1960 autodock586 1800 8069120 204800
1961 autodock1759 1800 8069120 204800
1962 autodock94 1800 8069120 204800
1963 autodock117 1800 8069120 204800
1964 autodock587 1800 8069120 204800
1965 autodock840 1800 8069120 204800
1966 autodock174 1800 8069120 204800
1967 autodock205 1800 8069120 204800
1968 autodock402 1800 8069120 204800
1969 autodock1366 1800 8069120 204800
1970 autodock102 1800 8069120 204800
1971 autodock92 1800 8069120 204800
1972 autodock1538 1800 8069120 204800
1973 autodock100 1800 8069120 204800
1974 autodock1671 1800 8069120 204800
1975 autodock113 1800 8069120 204800
1976 autodock1945 1800 8069120 204800
1977 autodock1500 1800 8069120 204800
1978 autodock97 1800 8069120 204800
1979 autodock934 1800 8069120 204800
1980 autodock590 1800 8069120 204800
1981 autodock407 1800 8069120 204800
1982 autodock1907 1800 8069120 204800
1983 autodock207 1800 8069120 204800
1984 autodock104 1800 8069120 204800
1985 autodock591 1800 8069120 204800
1986 autodock93 1800 8069120 204800
1987 autodock1666 1800 8069120 204800
1988 autodock225 1800 8069120 204800
1989 autodock1578 1800 8069120 204800
1990 autodock572 1800 8069120 204800
1991 autodock116 1800 8069120 204800
1992 autodock936 1800 8069120 204800
1993 autodock399 1800 8069120 204800
1994 autodock1617 1800 8069120 204800
1995 autodock118 1800 8069120 204800
1996 autodock593 1800 8069120 204800
1997 autodock1096 1800 8069120 204800
1998 autodock426 1800 8069120 204800
1999 autodock703 1800 8069120 204800
2000 autodock240 1800 8069120 204800
2001 autodock594 1800 8069120 204800
