0 ID00000 7.58 106704 21079
1 ID00001 6.86 11856000 1566081
2 ID00002 69.96 40404507901 639797406
3 ID00003 63.58 644713419 24000
4 ID00004 1.01 24000 216
5 ID00005 45.55 516665401 24000
6 ID00006 0.96 24000 216
7 ID00007 42.85 633969590 24000
8 ID00008 1.08 24000 216
9 ID00009 34.93 693155285 24000
10 ID00010 0.55 24000 216
11 ID00011 28.39 643066840 24000
12 ID00012 1.59 24000 216
13 ID00013 47.51 584779227 24000
14 ID00014 1.22 24000 216
15 ID00015 28.27 569781598 24000
16 ID00016 0.68 24000 216
17 ID00017 37.78 369747256 24000
18 ID00018 0.64 24000 216
19 ID00019 56.57 623695931 24000
20 ID00020 0.92 24000 216
21 ID00021 52.47 384584759 24000
22 ID00022 0.89 24000 216
23 ID00023 48.88 331205167 24000
24 ID00024 0.83 24000 216
25 ID00025 50.91 674428402 24000
26 ID00026 1.37 24000 216
27 ID00027 42.49 314641927 24000
28 ID00028 0.76 24000 216
29 ID00029 39.3 343815272 24000
30 ID00030 0.64 24000 216
31 ID00031 31.34 532834043 24000
32 ID00032 1.12 24000 216
33 ID00033 27.11 446710606 24000
34 ID00034 1.05 24000 216
35 ID00035 54.81 561944470 24000
36 ID00036 1.41 24000 216
37 ID00037 35.11 423282862 24000
38 ID00038 0.63 24000 216
39 ID00039 42.07 457379265 24000
40 ID00040 1.12 24000 216
41 ID00041 31.74 602394286 24000
42 ID00042 1.23 24000 216
43 ID00043 40.44 669718397 24000
44 ID00044 0.84 24000 216
45 ID00045 49.61 420714668 24000
46 ID00046 1.39 24000 216
47 ID00047 52.26 307518149 24000
48 ID00048 1.47 24000 216
49 ID00049 39.12 644529695 24000
50 ID00050 0.62 24000 216
51 ID00051 36.82 441426696 24000
52 ID00052 1.28 24000 216
53 ID00053 25.56 667598106 24000
54 ID00054 1.11 24000 216
55 ID00055 63.26 322715249 24000
56 ID00056 1.06 24000 216
57 ID00057 44.01 666725882 24000
58 ID00058 1.29 24000 216
59 ID00059 61.2 670861730 24000
60 ID00060 1.31 24000 216
61 ID00061 36.6 424652754 24000
62 ID00062 1.01 24000 216
63 ID00063 40.93 386025522 24000
64 ID00064 0.73 24000 216
65 ID00065 26.66 426739153 24000
66 ID00066 1.35 24000 216
67 ID00067 53.54 295654059 24000
68 ID00068 1.17 24000 216
69 ID00069 37.7 539887065 24000
70 ID00070 0.55 24000 216
71 ID00071 48.91 361385158 24000
72 ID00072 0.87 24000 216
73 ID00073 46.07 316290060 24000
74 ID00074 1.57 24000 216
75 ID00075 23.56 291806196 24000
76 ID00076 0.76 24000 216
77 ID00077 54.29 401430882 24000
78 ID00078 0.99 24000 216
79 ID00079 25.85 365974819 24000
80 ID00080 1.63 24000 216
81 ID00081 21.74 422402599 24000
82 ID00082 1.38 24000 216
83 ID00083 29.51 458917173 24000
84 ID00084 0.76 24000 216
85 ID00085 34.25 671373555 24000
86 ID00086 1.01 24000 216
87 ID00087 53.59 413121865 24000
88 ID00088 0.9 24000 216
89 ID00089 141.27 40405598742 415774726
90 ID00090 47.52 418722033 24000
91 ID00091 1.21 24000 216
92 ID00092 63.75 566366878 24000
93 ID00093 1.16 24000 216
94 ID00094 60.14 578754842 24000
95 ID00095 1.28 24000 216
96 ID00096 25.04 666038303 24000
97 ID00097 0.95 24000 216
98 ID00098 55.08 476148834 24000
99 ID00099 1.42 24000 216
100 ID00100 45.45 540006562 24000
101 ID00101 0.76 24000 216
102 ID00102 33.27 366529318 24000
103 ID00103 1.46 24000 216
104 ID00104 38.09 439739672 24000
105 ID00105 1.11 24000 216
106 ID00106 35.28 285185972 24000
107 ID00107 1.09 24000 216
108 ID00108 47.66 315452618 24000
109 ID00109 1.37 24000 216
110 ID00110 64.13 319274784 24000
111 ID00111 1.32 24000 216
112 ID00112 35.18 487350763 24000
113 ID00113 1.02 24000 216
114 ID00114 58.15 417514635 24000
115 ID00115 1.02 24000 216
116 ID00116 60.83 382137627 24000
117 ID00117 0.76 24000 216
118 ID00118 40.4 366145656 24000
119 ID00119 1.01 24000 216
120 ID00120 37.05 476335238 24000
121 ID00121 1.59 24000 216
122 ID00122 33.4 625153700 24000
123 ID00123 1.17 24000 216
124 ID00124 50.66 573035899 24000
125 ID00125 1.1 24000 216
126 ID00126 42.01 576554575 24000
127 ID00127 1.21 24000 216
128 ID00128 27.6 454726214 24000
129 ID00129 0.57 24000 216
130 ID00130 31.71 472526502 24000
131 ID00131 1.46 24000 216
132 ID00132 36.55 566849345 24000
133 ID00133 0.64 24000 216
134 ID00134 54.5 381233088 24000
135 ID00135 1.46 24000 216
136 ID00136 47.08 306785007 24000
137 ID00137 1.31 24000 216
138 ID00138 55.4 276219310 24000
139 ID00139 1.55 24000 216
140 ID00140 34.12 454397221 24000
141 ID00141 0.56 24000 216
142 ID00142 50.66 238503858 24000
143 ID00143 0.85 24000 216
144 ID00144 44.46 630639781 24000
145 ID00145 1.27 24000 216
146 ID00146 61.77 362651932 24000
147 ID00147 0.77 24000 216
148 ID00148 27.13 296335425 24000
149 ID00149 1.14 24000 216
150 ID00150 49.23 640984407 24000
151 ID00151 1.32 24000 216
152 ID00152 25.56 307589479 24000
153 ID00153 0.93 24000 216
154 ID00154 47.32 425011807 24000
155 ID00155 0.6 24000 216
156 ID00156 34.65 262719184 24000
157 ID00157 0.7 24000 216
158 ID00158 26.7 660717619 24000
159 ID00159 0.89 24000 216
160 ID00160 45.8 322049642 24000
161 ID00161 0.63 24000 216
162 ID00162 60.66 552492424 24000
163 ID00163 1.08 24000 216
164 ID00164 54.47 471742970 24000
165 ID00165 1.44 24000 216
166 ID00166 27.29 605432726 24000
167 ID00167 1.29 24000 216
168 ID00168 53.66 421574390 24000
169 ID00169 1.12 24000 216
170 ID00170 27.01 476301798 24000
171 ID00171 1.4 24000 216
172 ID00172 51.28 412324610 24000
173 ID00173 1.63 24000 216
174 ID00174 32.58 589394554 24000
175 ID00175 0.6 24000 216
176 ID00176 54.74 452364169 24000
177 ID00177 1.02 24000 216
178 ID00178 47.45 661619759 24000
179 ID00179 1.37 24000 216
180 ID00180 54.25 309652469 24000
181 ID00181 1.61 24000 216
182 ID00182 58.82 643430818 24000
183 ID00183 0.72 24000 216
184 ID00184 195.47 40248396143 671508500
185 ID00185 58.6 674405881 24000
186 ID00186 0.66 24000 216
187 ID00187 57.88 380379932 24000
188 ID00188 0.6 24000 216
189 ID00189 50 644783520 24000
190 ID00190 0.95 24000 216
191 ID00191 53.12 234844944 24000
192 ID00192 1.58 24000 216
193 ID00193 51.71 484708030 24000
194 ID00194 1.41 24000 216
195 ID00195 39.45 470506258 24000
196 ID00196 1.62 24000 216
197 ID00197 64.56 408608468 24000
198 ID00198 1.19 24000 216
199 ID00199 64.96 669031781 24000
200 ID00200 1.4 24000 216
201 ID00201 52.9 493945519 24000
202 ID00202 0.77 24000 216
203 ID00203 61.51 311536538 24000
204 ID00204 1.35 24000 216
205 ID00205 64.9 684120413 24000
206 ID00206 1.05 24000 216
207 ID00207 23.92 676092503 24000
208 ID00208 0.66 24000 216
209 ID00209 61.64 505674970 24000
210 ID00210 1.44 24000 216
211 ID00211 48.94 295270696 24000
212 ID00212 0.99 24000 216
213 ID00213 47.11 571038466 24000
214 ID00214 1.22 24000 216
215 ID00215 53.93 443370640 24000
216 ID00216 1.03 24000 216
217 ID00217 52.46 317761977 24000
218 ID00218 0.69 24000 216
219 ID00219 57.23 660240298 24000
220 ID00220 1.19 24000 216
221 ID00221 24.73 620831119 24000
222 ID00222 1.25 24000 216
223 ID00223 46.66 345827562 24000
224 ID00224 0.86 24000 216
225 ID00225 48.39 645842509 24000
226 ID00226 1.09 24000 216
227 ID00227 28.94 306772344 24000
228 ID00228 1.45 24000 216
229 ID00229 35.94 467196770 24000
230 ID00230 1.08 24000 216
231 ID00231 32.68 607760350 24000
232 ID00232 1.47 24000 216
233 ID00233 58.23 517718604 24000
234 ID00234 1.38 24000 216
235 ID00235 25.12 388667401 24000
236 ID00236 1.4 24000 216
237 ID00237 60.02 523670860 24000
238 ID00238 1.46 24000 216
239 ID00239 32.97 403697749 24000
240 ID00240 1.39 24000 216
241 ID00241 32.44 571485243 24000
242 ID00242 1.18 24000 216
243 ID00243 62.84 692990784 24000
244 ID00244 1.35 24000 216
245 ID00245 55.94 562999314 24000
246 ID00246 1.31 24000 216
247 ID00247 54.65 261554381 24000
248 ID00248 1.13 24000 216
249 ID00249 38.86 337849457 24000
250 ID00250 0.91 24000 216
251 ID00251 54.28 514567602 24000
252 ID00252 0.59 24000 216
253 ID00253 35.99 687368109 24000
254 ID00254 1.34 24000 216
255 ID00255 41.49 379942147 24000
256 ID00256 1.46 24000 216
257 ID00257 48.54 534726419 24000
258 ID00258 0.78 24000 216
259 ID00259 27.77 277721803 24000
260 ID00260 0.97 24000 216
261 ID00261 25.64 253417855 24000
262 ID00262 0.58 24000 216
263 ID00263 64.72 374612391 24000
264 ID00264 0.68 24000 216
265 ID00265 45.38 554402874 24000
266 ID00266 1.06 24000 216
267 ID00267 57.66 696323981 24000
268 ID00268 1.3 24000 216
269 ID00269 51.97 502014816 24000
270 ID00270 0.95 24000 216
271 ID00271 64.15 470134264 24000
272 ID00272 0.74 24000 216
273 ID00273 27.73 495553449 24000
274 ID00274 1.38 24000 216
275 ID00275 27.03 445738379 24000
276 ID00276 0.68 24000 216
277 ID00277 28.83 636086807 24000
278 ID00278 1.56 24000 216
279 ID00279 31.59 523448417 24000
280 ID00280 1.43 24000 216
281 ID00281 104.04 39003840081 664383354
282 ID00282 39.53 667413058 24000
283 ID00283 0.79 24000 216
284 ID00284 55.02 330091977 24000
285 ID00285 0.82 24000 216
286 ID00286 46.59 586539100 24000
287 ID00287 0.98 24000 216
288 ID00288 44 569928854 24000
289 ID00289 1.52 24000 216
290 ID00290 25.6 692596946 24000
291 ID00291 0.55 24000 216
292 ID00292 38.29 675609917 24000
293 ID00293 1.45 24000 216
294 ID00294 45.88 404803984 24000
295 ID00295 0.6 24000 216
296 ID00296 38.24 289777238 24000
297 ID00297 1 24000 216
298 ID00298 22.62 354590443 24000
299 ID00299 1.31 24000 216
300 ID00300 35.57 304910154 24000
301 ID00301 1.08 24000 216
302 ID00302 30.77 378428825 24000
303 ID00303 1.29 24000 216
304 ID00304 62.83 554990057 24000
305 ID00305 1.59 24000 216
306 ID00306 47.49 351459727 24000
307 ID00307 0.77 24000 216
308 ID00308 42.61 501737166 24000
309 ID00309 0.95 24000 216
310 ID00310 51.67 577588054 24000
311 ID00311 1.45 24000 216
312 ID00312 25.49 504173811 24000
313 ID00313 1.59 24000 216
314 ID00314 26.05 531078512 24000
315 ID00315 0.69 24000 216
316 ID00316 28.29 595753871 24000
317 ID00317 1.49 24000 216
318 ID00318 30.79 333416606 24000
319 ID00319 1.12 24000 216
320 ID00320 26.42 625385318 24000
321 ID00321 0.97 24000 216
322 ID00322 53.91 603364481 24000
323 ID00323 0.57 24000 216
324 ID00324 44.01 649776301 24000
325 ID00325 0.85 24000 216
326 ID00326 61.14 387776956 24000
327 ID00327 1.01 24000 216
328 ID00328 40.97 331393145 24000
329 ID00329 1.17 24000 216
330 ID00330 48.54 514316499 24000
331 ID00331 1.4 24000 216
332 ID00332 45.2 358321020 24000
333 ID00333 1.07 24000 216
334 ID00334 55.9 600019827 24000
335 ID00335 1.28 24000 216
336 ID00336 29.53 396475979 24000
337 ID00337 0.67 24000 216
338 ID00338 25.04 375096346 24000
339 ID00339 0.98 24000 216
340 ID00340 60.85 630571599 24000
341 ID00341 1.57 24000 216
342 ID00342 25.73 346541550 24000
343 ID00343 0.61 24000 216
344 ID00344 38.62 277849107 24000
345 ID00345 0.67 24000 216
346 ID00346 45.48 481491696 24000
347 ID00347 0.69 24000 216
348 ID00348 24.42 370666220 24000
349 ID00349 1.43 24000 216
350 ID00350 54.55 533514383 24000
351 ID00351 1.6 24000 216
352 ID00352 45.49 529384823 24000
353 ID00353 1.05 24000 216
354 ID00354 34.77 334299161 24000
355 ID00355 1.29 24000 216
356 ID00356 40.87 317244429 24000
357 ID00357 1.18 24000 216
358 ID00358 35.9 495202982 24000
359 ID00359 1.48 24000 216
360 ID00360 25.06 374812112 24000
361 ID00361 1.12 24000 216
362 ID00362 28.03 422374786 24000
363 ID00363 1.05 24000 216
364 ID00364 49.66 384130164 24000
365 ID00365 0.9 24000 216
366 ID00366 41.17 678582122 24000
367 ID00367 0.61 24000 216
368 ID00368 58.8 500834872 24000
369 ID00369 0.73 24000 216
370 ID00370 48.95 635235731 24000
371 ID00371 1.6 24000 216
372 ID00372 29.22 306956279 24000
373 ID00373 1.19 24000 216
374 ID00374 50.35 435110718 24000
375 ID00375 1.23 24000 216
376 ID00376 49.62 691866831 24000
377 ID00377 1.11 24000 216
378 ID00378 70.31 40854523455 332811990
379 ID00379 55.81 334913877 24000
380 ID00380 0.81 24000 216
381 ID00381 58.29 335245772 24000
382 ID00382 1.59 24000 216
383 ID00383 44.13 570666232 24000
384 ID00384 0.81 24000 216
385 ID00385 46.03 603746727 24000
386 ID00386 0.56 24000 216
387 ID00387 33.7 340478445 24000
388 ID00388 1.27 24000 216
389 ID00389 24.43 609461719 24000
390 ID00390 1.55 24000 216
391 ID00391 53.38 694118259 24000
392 ID00392 0.88 24000 216
393 ID00393 38.77 301367576 24000
394 ID00394 0.71 24000 216
395 ID00395 39.25 673224550 24000
396 ID00396 1.12 24000 216
397 ID00397 52.91 671328355 24000
398 ID00398 0.58 24000 216
399 ID00399 43.14 433779148 24000
400 ID00400 1.42 24000 216
401 ID00401 46.22 596657752 24000
402 ID00402 1.54 24000 216
403 ID00403 23.95 612571382 24000
404 ID00404 0.81 24000 216
405 ID00405 23.54 636391076 24000
406 ID00406 1.18 24000 216
407 ID00407 59.92 412261336 24000
408 ID00408 1.35 24000 216
409 ID00409 62.72 424526613 24000
410 ID00410 1.03 24000 216
411 ID00411 63.29 287175896 24000
412 ID00412 0.82 24000 216
413 ID00413 31.93 463257527 24000
414 ID00414 0.94 24000 216
415 ID00415 48.82 285096974 24000
416 ID00416 0.55 24000 216
417 ID00417 62.03 462883744 24000
418 ID00418 1.17 24000 216
419 ID00419 25.44 439769665 24000
420 ID00420 1.06 24000 216
421 ID00421 60.69 476420586 24000
422 ID00422 1.36 24000 216
423 ID00423 56.49 603269855 24000
424 ID00424 0.92 24000 216
425 ID00425 54.48 406593128 24000
426 ID00426 1.09 24000 216
427 ID00427 63.29 353652481 24000
428 ID00428 1.01 24000 216
429 ID00429 38.93 363046917 24000
430 ID00430 0.6 24000 216
431 ID00431 37.77 600372675 24000
432 ID00432 1.55 24000 216
433 ID00433 44.51 329154800 24000
434 ID00434 1.27 24000 216
435 ID00435 61.51 363958445 24000
436 ID00436 1.34 24000 216
437 ID00437 59.64 633972288 24000
438 ID00438 1.63 24000 216
439 ID00439 60.14 336881515 24000
440 ID00440 1.44 24000 216
441 ID00441 46.86 402938793 24000
442 ID00442 1.05 24000 216
443 ID00443 56.04 315898943 24000
444 ID00444 1.29 24000 216
445 ID00445 57.27 471785585 24000
446 ID00446 0.91 24000 216
447 ID00447 43.25 354412957 24000
448 ID00448 1.57 24000 216
449 ID00449 56.83 269613564 24000
450 ID00450 1.16 24000 216
451 ID00451 29.57 598133862 24000
452 ID00452 1.07 24000 216
453 ID00453 53.07 496473646 24000
454 ID00454 0.84 24000 216
455 ID00455 60.5 335290634 24000
456 ID00456 0.91 24000 216
457 ID00457 60.87 502014627 24000
458 ID00458 1.45 24000 216
459 ID00459 39.55 659487207 24000
460 ID00460 1.59 24000 216
461 ID00461 26.33 568490087 24000
462 ID00462 0.72 24000 216
463 ID00463 60.25 343270687 24000
464 ID00464 1.45 24000 216
465 ID00465 26.53 543431594 24000
466 ID00466 1.63 24000 216
467 ID00467 23.29 362479510 24000
468 ID00468 1.14 24000 216
469 ID00469 38.44 369188962 24000
470 ID00470 1.12 24000 216
471 ID00471 54.94 393230213 24000
472 ID00472 1.5 24000 216
473 ID00473 51.15 600638292 24000
474 ID00474 1.32 24000 216
475 ID00475 52.48 330054879 24000
476 ID00476 0.81 24000 216
477 ID00477 175.41 39838735358 368645364
478 ID00478 50.83 371854868 24000
479 ID00479 0.67 24000 216
480 ID00480 36.27 631607901 24000
481 ID00481 0.82 24000 216
482 ID00482 46.63 611953926 24000
483 ID00483 0.71 24000 216
484 ID00484 25.21 494893240 24000
485 ID00485 1.27 24000 216
486 ID00486 45.92 316282895 24000
487 ID00487 0.88 24000 216
488 ID00488 31.98 563109875 24000
489 ID00489 1.44 24000 216
490 ID00490 40.19 620384641 24000
491 ID00491 0.93 24000 216
492 ID00492 64.74 437164129 24000
493 ID00493 1.49 24000 216
494 ID00494 22.3 582383637 24000
495 ID00495 1.47 24000 216
496 ID00496 42.43 293205413 24000
497 ID00497 0.67 24000 216
498 ID00498 38.18 586109607 24000
499 ID00499 0.93 24000 216
500 ID00500 60.23 442160553 24000
501 ID00501 1.3 24000 216
502 ID00502 47.72 504126527 24000
503 ID00503 0.97 24000 216
504 ID00504 31.43 478285845 24000
505 ID00505 1.34 24000 216
506 ID00506 22.04 572498518 24000
507 ID00507 0.76 24000 216
508 ID00508 36.26 354082954 24000
509 ID00509 0.62 24000 216
510 ID00510 48.1 506142917 24000
511 ID00511 1.4 24000 216
512 ID00512 32.61 353180633 24000
513 ID00513 1.34 24000 216
514 ID00514 25.59 328353701 24000
515 ID00515 1.13 24000 216
516 ID00516 22.06 416633916 24000
517 ID00517 0.71 24000 216
518 ID00518 54.78 451958352 24000
519 ID00519 0.63 24000 216
520 ID00520 52.27 410209774 24000
521 ID00521 0.88 24000 216
522 ID00522 45.97 494324670 24000
523 ID00523 1.41 24000 216
524 ID00524 30.82 558882423 24000
525 ID00525 0.91 24000 216
526 ID00526 55.35 391600097 24000
527 ID00527 0.74 24000 216
528 ID00528 61.17 635359661 24000
529 ID00529 1.11 24000 216
530 ID00530 34.46 439397529 24000
531 ID00531 1.38 24000 216
532 ID00532 38.37 384480503 24000
533 ID00533 1.13 24000 216
534 ID00534 47.19 397118493 24000
535 ID00535 1.57 24000 216
536 ID00536 44.14 612826118 24000
537 ID00537 0.86 24000 216
538 ID00538 55.28 466593091 24000
539 ID00539 0.62 24000 216
540 ID00540 58.06 447811087 24000
541 ID00541 0.65 24000 216
542 ID00542 40.41 552798142 24000
543 ID00543 1.37 24000 216
544 ID00544 28.89 634127277 24000
545 ID00545 1 24000 216
546 ID00546 51.59 239522751 24000
547 ID00547 1.14 24000 216
548 ID00548 33.24 593735908 24000
549 ID00549 1.11 24000 216
550 ID00550 39.26 267605405 24000
551 ID00551 1.21 24000 216
552 ID00552 33.89 554711871 24000
553 ID00553 1.02 24000 216
554 ID00554 64.48 528821657 24000
555 ID00555 1.49 24000 216
556 ID00556 52.2 512496949 24000
557 ID00557 1.07 24000 216
558 ID00558 53.05 357130791 24000
559 ID00559 0.6 24000 216
560 ID00560 29.08 242294345 24000
561 ID00561 0.74 24000 216
562 ID00562 47.24 301235433 24000
563 ID00563 1.49 24000 216
564 ID00564 64.56 251080068 24000
565 ID00565 1.3 24000 216
566 ID00566 46 612878199 24000
567 ID00567 1.18 24000 216
568 ID00568 63.32 611444166 24000
569 ID00569 1.54 24000 216
570 ID00570 61.13 520888642 24000
571 ID00571 0.58 24000 216
572 ID00572 41.88 575134562 24000
573 ID00573 0.58 24000 216
574 ID00574 55.25 578536120 24000
575 ID00575 0.81 24000 216
576 ID00576 179.9 40167228425 575514730
577 ID00577 29.92 577440399 24000
578 ID00578 1.21 24000 216
579 ID00579 35.56 306803921 24000
580 ID00580 0.75 24000 216
581 ID00581 24.31 604613973 24000
582 ID00582 1.34 24000 216
583 ID00583 50.76 511006759 24000
584 ID00584 0.87 24000 216
585 ID00585 24.95 539738018 24000
586 ID00586 1.33 24000 216
587 ID00587 45.58 619807651 24000
588 ID00588 0.65 24000 216
589 ID00589 21.93 485169540 24000
590 ID00590 1.48 24000 216
591 ID00591 50.61 428515299 24000
592 ID00592 1.3 24000 216
593 ID00593 46.2 662517141 24000
594 ID00594 1.14 24000 216
595 ID00595 45.09 671124616 24000
596 ID00596 1.47 24000 216
597 ID00597 49.78 541657230 24000
598 ID00598 0.62 24000 216
599 ID00599 24.83 668569717 24000
600 ID00600 1.08 24000 216
601 ID00601 46.13 255143186 24000
602 ID00602 0.64 24000 216
603 ID00603 55.97 493319903 24000
604 ID00604 1.4 24000 216
605 ID00605 37.57 647567189 24000
606 ID00606 1.17 24000 216
607 ID00607 38.09 503477411 24000
608 ID00608 1.14 24000 216
609 ID00609 40.12 254138020 24000
610 ID00610 1.06 24000 216
611 ID00611 61.26 356538918 24000
612 ID00612 0.7 24000 216
613 ID00613 29.63 359434812 24000
614 ID00614 0.99 24000 216
615 ID00615 46.53 611673928 24000
616 ID00616 0.81 24000 216
617 ID00617 39.95 287536051 24000
618 ID00618 1.6 24000 216
619 ID00619 30.21 642824341 24000
620 ID00620 1.15 24000 216
621 ID00621 43.31 624840297 24000
622 ID00622 0.89 24000 216
623 ID00623 22.07 585055574 24000
624 ID00624 1.48 24000 216
625 ID00625 45.14 372523211 24000
626 ID00626 0.77 24000 216
627 ID00627 57.32 333090190 24000
628 ID00628 1.33 24000 216
629 ID00629 55.53 378894092 24000
630 ID00630 0.81 24000 216
631 ID00631 32.03 510647202 24000
632 ID00632 0.66 24000 216
633 ID00633 57.81 632836398 24000
634 ID00634 0.75 24000 216
635 ID00635 43.43 463144924 24000
636 ID00636 0.6 24000 216
637 ID00637 25.41 284119415 24000
638 ID00638 0.73 24000 216
639 ID00639 59.01 466535135 24000
640 ID00640 1.38 24000 216
641 ID00641 57.78 593903626 24000
642 ID00642 0.56 24000 216
643 ID00643 59.87 442086779 24000
644 ID00644 1.05 24000 216
645 ID00645 29.9 382558961 24000
646 ID00646 1.34 24000 216
647 ID00647 52.3 635175264 24000
648 ID00648 1.62 24000 216
649 ID00649 32.85 696487363 24000
650 ID00650 1.5 24000 216
651 ID00651 21.97 534177729 24000
652 ID00652 1.07 24000 216
653 ID00653 63.04 396033470 24000
654 ID00654 1.27 24000 216
655 ID00655 53.36 611404179 24000
656 ID00656 0.77 24000 216
657 ID00657 29.51 630858286 24000
658 ID00658 0.76 24000 216
659 ID00659 33.86 388283549 24000
660 ID00660 0.86 24000 216
661 ID00661 60.36 540044755 24000
662 ID00662 0.58 24000 216
663 ID00663 36.42 282658253 24000
664 ID00664 1.1 24000 216
665 ID00665 43.15 607912722 24000
666 ID00666 0.97 24000 216
667 ID00667 51.49 276906320 24000
668 ID00668 0.71 24000 216
669 ID00669 23.28 556800231 24000
670 ID00670 1.62 24000 216
671 ID00671 36.97 502889395 24000
672 ID00672 1.02 24000 216
673 ID00673 62.7 646937884 24000
674 ID00674 0.9 24000 216
675 ID00675 25.54 592114445 24000
676 ID00676 1.19 24000 216
677 ID00677 88.41 40418632267 408222194
678 ID00678 55.68 411787160 24000
679 ID00679 1.5 24000 216
680 ID00680 25.13 347799205 24000
681 ID00681 1.31 24000 216
682 ID00682 30.17 511082647 24000
683 ID00683 1.02 24000 216
684 ID00684 28.12 439196770 24000
685 ID00685 1.58 24000 216
686 ID00686 50.95 478035146 24000
687 ID00687 0.82 24000 216
688 ID00688 47.25 270355585 24000
689 ID00689 1.27 24000 216
690 ID00690 28.58 242455871 24000
691 ID00691 1.39 24000 216
692 ID00692 55.58 614617317 24000
693 ID00693 1.3 24000 216
694 ID00694 32.39 441201448 24000
695 ID00695 0.74 24000 216
696 ID00696 54.6 311411056 24000
697 ID00697 0.86 24000 216
698 ID00698 49.17 582501102 24000
699 ID00699 1.38 24000 216
700 ID00700 42 596373750 24000
701 ID00701 0.77 24000 216
702 ID00702 43.31 502993547 24000
703 ID00703 0.97 24000 216
704 ID00704 46.7 305838192 24000
705 ID00705 0.82 24000 216
706 ID00706 48.93 284186171 24000
707 ID00707 0.58 24000 216
708 ID00708 25.35 520290242 24000
709 ID00709 1 24000 216
710 ID00710 56.31 623559876 24000
711 ID00711 0.79 24000 216
712 ID00712 29.41 596015633 24000
713 ID00713 0.92 24000 216
714 ID00714 21.75 437714718 24000
715 ID00715 1.22 24000 216
716 ID00716 25.75 406762406 24000
717 ID00717 0.59 24000 216
718 ID00718 46.4 673998460 24000
719 ID00719 1.18 24000 216
720 ID00720 27.9 698978411 24000
721 ID00721 0.78 24000 216
722 ID00722 45.58 446964511 24000
723 ID00723 0.64 24000 216
724 ID00724 44.97 266097287 24000
725 ID00725 0.7 24000 216
726 ID00726 46.82 614821807 24000
727 ID00727 1.09 24000 216
728 ID00728 31.51 286652910 24000
729 ID00729 1.19 24000 216
730 ID00730 32.73 373789126 24000
731 ID00731 1.53 24000 216
732 ID00732 34.02 509519427 24000
733 ID00733 0.82 24000 216
734 ID00734 43.77 263399103 24000
735 ID00735 0.86 24000 216
736 ID00736 33.36 605011757 24000
737 ID00737 1.43 24000 216
738 ID00738 59.09 340344449 24000
739 ID00739 1.09 24000 216
740 ID00740 29.75 584881850 24000
741 ID00741 1.52 24000 216
742 ID00742 49.8 401642034 24000
743 ID00743 1.11 24000 216
744 ID00744 54.69 265130816 24000
745 ID00745 0.64 24000 216
746 ID00746 42.88 395281920 24000
747 ID00747 0.9 24000 216
748 ID00748 57.13 652806638 24000
749 ID00749 0.8 24000 216
750 ID00750 52.95 391759529 24000
751 ID00751 1.43 24000 216
752 ID00752 33.05 274038957 24000
753 ID00753 1.24 24000 216
754 ID00754 46.38 577683116 24000
755 ID00755 1.43 24000 216
756 ID00756 48.97 270672690 24000
757 ID00757 1.46 24000 216
758 ID00758 50.45 453601279 24000
759 ID00759 1.59 24000 216
760 ID00760 43.67 652561199 24000
761 ID00761 1.19 24000 216
762 ID00762 32.04 487857700 24000
763 ID00763 1.58 24000 216
764 ID00764 62.82 579960634 24000
765 ID00765 1.02 24000 216
766 ID00766 40.67 288686688 24000
767 ID00767 1.05 24000 216
768 ID00768 41.02 432458602 24000
769 ID00769 0.95 24000 216
770 ID00770 31.65 613583003 24000
771 ID00771 0.89 24000 216
772 ID00772 30.11 670088728 24000
773 ID00773 0.67 24000 216
774 ID00774 57.32 638720166 24000
775 ID00775 0.86 24000 216
776 ID00776 63.91 371381281 24000
777 ID00777 0.9 24000 216
778 ID00778 177 39878690487 380651796
779 ID00779 35.43 383062481 24000
780 ID00780 1.27 24000 216
781 ID00781 24.45 445005539 24000
782 ID00782 1.48 24000 216
783 ID00783 54.52 578213232 24000
784 ID00784 0.82 24000 216
785 ID00785 25.9 467426137 24000
786 ID00786 0.78 24000 216
787 ID00787 61.19 396672729 24000
788 ID00788 1.63 24000 216
789 ID00789 27.76 329437674 24000
790 ID00790 1.63 24000 216
791 ID00791 38.72 645339479 24000
792 ID00792 1.31 24000 216
793 ID00793 57.65 484135539 24000
794 ID00794 0.58 24000 216
795 ID00795 41.44 518956486 24000
796 ID00796 0.61 24000 216
797 ID00797 51.39 506838269 24000
798 ID00798 1.62 24000 216
799 ID00799 54 404005029 24000
800 ID00800 0.62 24000 216
801 ID00801 56.21 317109507 24000
802 ID00802 1.54 24000 216
803 ID00803 52.93 571295313 24000
804 ID00804 1.01 24000 216
805 ID00805 35.85 669515122 24000
806 ID00806 1.08 24000 216
807 ID00807 59.18 549142171 24000
808 ID00808 1.12 24000 216
809 ID00809 56.94 371753844 24000
810 ID00810 1.55 24000 216
811 ID00811 23.82 415011542 24000
812 ID00812 1.45 24000 216
813 ID00813 51.16 299461154 24000
814 ID00814 0.55 24000 216
815 ID00815 32.62 569078202 24000
816 ID00816 1.18 24000 216
817 ID00817 52.67 526991016 24000
818 ID00818 1.49 24000 216
819 ID00819 46.32 493980137 24000
820 ID00820 1.29 24000 216
821 ID00821 24.2 633767123 24000
822 ID00822 1.1 24000 216
823 ID00823 33.68 305563155 24000
824 ID00824 1.59 24000 216
825 ID00825 58.03 522304881 24000
826 ID00826 1.22 24000 216
827 ID00827 52.24 636722703 24000
828 ID00828 1.15 24000 216
829 ID00829 37.68 449394697 24000
830 ID00830 1.11 24000 216
831 ID00831 63.88 310643689 24000
832 ID00832 0.67 24000 216
833 ID00833 29.47 662142456 24000
834 ID00834 1.55 24000 216
835 ID00835 45.4 272217595 24000
836 ID00836 0.74 24000 216
837 ID00837 63.52 314817102 24000
838 ID00838 0.99 24000 216
839 ID00839 47.63 630034512 24000
840 ID00840 1.18 24000 216
841 ID00841 54.99 558323939 24000
842 ID00842 1.63 24000 216
843 ID00843 46.44 549097163 24000
844 ID00844 1.49 24000 216
845 ID00845 42.28 645362493 24000
846 ID00846 1.55 24000 216
847 ID00847 63.15 629492838 24000
848 ID00848 0.97 24000 216
849 ID00849 35.22 549491611 24000
850 ID00850 0.92 24000 216
851 ID00851 49.76 630224181 24000
852 ID00852 1.26 24000 216
853 ID00853 41.06 575408236 24000
854 ID00854 0.68 24000 216
855 ID00855 21.86 440351444 24000
856 ID00856 0.55 24000 216
857 ID00857 36.17 269716590 24000
858 ID00858 0.92 24000 216
859 ID00859 44.97 475882370 24000
860 ID00860 1.34 24000 216
861 ID00861 49.99 348874998 24000
862 ID00862 0.61 24000 216
863 ID00863 57.81 484081386 24000
864 ID00864 1.26 24000 216
865 ID00865 41.34 329364581 24000
866 ID00866 1.16 24000 216
867 ID00867 30.58 491102719 24000
868 ID00868 0.68 24000 216
869 ID00869 56.3 274857588 24000
870 ID00870 0.56 24000 216
871 ID00871 55.58 361274038 24000
872 ID00872 1.56 24000 216
873 ID00873 53.94 504366758 24000
874 ID00874 1.06 24000 216
875 ID00875 24.06 418780159 24000
876 ID00876 1.33 24000 216
877 ID00877 37.91 606425730 24000
878 ID00878 0.88 24000 216
879 ID00879 37.28 329971832 24000
880 ID00880 0.7 24000 216
881 ID00881 50.33 362296444 24000
882 ID00882 1.56 24000 216
883 ID00883 57.08 236871519 24000
884 ID00884 1.26 24000 216
885 ID00885 26.08 269120329 24000
886 ID00886 0.71 24000 216
887 ID00887 80.65 41218963591 583172026
888 ID00888 57.02 585797504 24000
889 ID00889 0.97 24000 216
890 ID00890 34.29 290787157 24000
891 ID00891 1.49 24000 216
892 ID00892 44.35 410794359 24000
893 ID00893 1.04 24000 216
894 ID00894 39.65 371703051 24000
895 ID00895 1.39 24000 216
896 ID00896 43.81 470811280 24000
897 ID00897 1.37 24000 216
898 ID00898 54.14 660768435 24000
899 ID00899 0.98 24000 216
900 ID00900 61.34 543406148 24000
901 ID00901 1.63 24000 216
902 ID00902 49.89 630749449 24000
903 ID00903 1.32 24000 216
904 ID00904 28.06 686582303 24000
905 ID00905 0.72 24000 216
906 ID00906 29.95 545844488 24000
907 ID00907 1.4 24000 216
908 ID00908 35 469549246 24000
909 ID00909 0.81 24000 216
910 ID00910 60.28 240206817 24000
911 ID00911 0.71 24000 216
912 ID00912 32.65 466955287 24000
913 ID00913 1.44 24000 216
914 ID00914 44.67 658473823 24000
915 ID00915 1.06 24000 216
916 ID00916 24.27 464472203 24000
917 ID00917 1.53 24000 216
918 ID00918 24.94 625254480 24000
919 ID00919 1.44 24000 216
920 ID00920 40.66 481101998 24000
921 ID00921 0.88 24000 216
922 ID00922 53.82 662651783 24000
923 ID00923 1.18 24000 216
924 ID00924 38.41 515438960 24000
925 ID00925 1.2 24000 216
926 ID00926 24 438292591 24000
927 ID00927 0.9 24000 216
928 ID00928 54.9 378660207 24000
929 ID00929 1.6 24000 216
930 ID00930 41.15 484953468 24000
931 ID00931 1.29 24000 216
932 ID00932 36.38 337046188 24000
933 ID00933 0.77 24000 216
934 ID00934 61.22 548744409 24000
935 ID00935 0.7 24000 216
936 ID00936 49.87 494713757 24000
937 ID00937 0.81 24000 216
938 ID00938 28.93 540760782 24000
939 ID00939 1.16 24000 216
940 ID00940 58.11 433462748 24000
941 ID00941 1.21 24000 216
942 ID00942 42.89 367165982 24000
943 ID00943 1.48 24000 216
944 ID00944 26.78 247802770 24000
945 ID00945 1.57 24000 216
946 ID00946 53.37 368549413 24000
947 ID00947 0.78 24000 216
948 ID00948 25.46 444215636 24000
949 ID00949 0.79 24000 216
950 ID00950 64.06 540095679 24000
951 ID00951 0.55 24000 216
952 ID00952 25.64 595129162 24000
953 ID00953 1.39 24000 216
954 ID00954 39.93 495980733 24000
955 ID00955 1 24000 216
956 ID00956 48.69 415166437 24000
957 ID00957 1.49 24000 216
958 ID00958 24.57 657871062 24000
959 ID00959 1.63 24000 216
960 ID00960 24.55 632060367 24000
961 ID00961 1.26 24000 216
962 ID00962 42.89 290279953 24000
963 ID00963 1.24 24000 216
964 ID00964 53.91 454857632 24000
965 ID00965 0.6 24000 216
966 ID00966 25.02 442845352 24000
967 ID00967 1.54 24000 216
968 ID00968 33.59 335108359 24000
969 ID00969 0.55 24000 216
970 ID00970 24.08 566169128 24000
971 ID00971 1.02 24000 216
972 ID00972 48.32 462803273 24000
973 ID00973 0.92 24000 216
974 ID00974 34.7 541517373 24000
975 ID00975 1.41 24000 216
976 ID00976 44.87 518079647 24000
977 ID00977 0.81 24000 216
978 ID00978 56.64 527353427 24000
979 ID00979 0.96 24000 216
980 ID00980 54.35 375250474 24000
981 ID00981 0.93 24000 216
982 ID00982 44.32 284728153 24000
983 ID00983 1.57 24000 216
984 ID00984 27.91 591441735 24000
985 ID00985 1.07 24000 216
986 ID00986 53.37 494019846 24000
987 ID00987 0.66 24000 216
988 ID00988 60.78 456519180 24000
989 ID00989 1.29 24000 216
990 ID00990 22.37 617848852 24000
991 ID00991 1.38 24000 216
992 ID00992 38.82 532238195 24000
993 ID00993 1.28 24000 216
994 ID00994 60.02 497227958 24000
995 ID00995 0.93 24000 216
996 ID00996 42.13 599685935 24000
997 ID00997 1.57 24000 216
998 ID00998 33.95 462761535 24000
999 ID00999 0.91 24000 216
