0 ID00000 56.92 390952165 390952165
1 ID00001 26.02 256111688 256111688
2 ID00002 72.32 371259640 371259640
3 ID00003 32.78 226582512 226582512
4 ID00004 70.96 454786522 454786522
5 ID00005 67.63 477119216 477119216
6 ID00006 55.07 407621033 407621033
7 ID00007 1.3 11152690 11152690
8 ID00008 2.53 12054908 12054908
9 ID00009 1.4 8787703 8787703
10 ID00010 1.59 11239917 11239917
11 ID00011 1.88 15316109 15316109
12 ID00012 1.58 10805834 10805834
13 ID00013 1.14 5760224 5760224
14 ID00014 1.87 11372012 11372012
15 ID00015 0.84 10063591 10063591
16 ID00016 3.99 18138537 18138537
17 ID00017 1.04 9637842 9637842
18 ID00018 0.42 3836743 3836743
19 ID00019 1.89 22352845 22352845
20 ID00020 1.18 8544122 8544122
21 ID00021 0.94 10727799 10727799
22 ID00022 1.03 7388049 7388049
23 ID00023 1.25 6907890 6907890
24 ID00024 1.88 20450294 20450294
25 ID00025 1.74 12369327 12369327
26 ID00026 1.32 13280520 13280520
27 ID00027 1.54 13501168 13501168
28 ID00028 -1.03 -6585019 -6585019
29 ID00029 4.07 32581406 32581406
30 ID00030 0.55 6097105 6097105
31 ID00031 -1 -9729097 -9729097
32 ID00032 2.46 15832222 15832222
33 ID00033 0.58 5025228 5025228
34 ID00034 4.24 30013454 30013454
35 ID00035 2.77 22040580 22040580
36 ID00036 -1.64 -12950721 -12950721
37 ID00037 1.99 23725871 23725871
38 ID00038 2.32 12331582 12331582
39 ID00039 2.88 14447468 14447468
40 ID00040 0.07 686546 686546
41 ID00041 1.61 13747416 13747416
42 ID00042 1.09 6960445 6960445
43 ID00043 0.86 7112244 7112244
44 ID00044 0.99 7880285 7880285
45 ID00045 0.53 5998099 5998099
46 ID00046 0.82 9129667 9129667
47 ID00047 0.62 7737335 7737335
48 ID00048 0.58 6139476 6139476
49 ID00049 0.89 10358472 10358472
50 ID00050 0.48 3222705 3222705
51 ID00051 1.08 8924288 8924288
52 ID00052 1.85 10742492 10742492
53 ID00053 0.34 2999551 2999551
54 ID00054 1.96 10480859 10480859
55 ID00055 0.61 7020030 7020030
56 ID00056 0.04 360411 360411
57 ID00057 1.16 12249774 12249774
58 ID00058 0.44 4240019 4240019
59 ID00059 1.88 11995170 11995170
60 ID00060 0.18 964145 964145
61 ID00061 0.75 8716675 8716675
62 ID00062 0.44 3776638 3776638
63 ID00063 1.33 8567308 8567308
64 ID00064 4.1 19224655 19224655
65 ID00065 -0.24 -2585974 -2585974
66 ID00066 1.73 17724951 17724951
67 ID00067 -0.48 -3546358 -3546358
68 ID00068 1.12 9732442 9732442
69 ID00069 1.52 11530121 11530121
70 ID00070 0.93 9706327 9706327
71 ID00071 -0.31 -1592762 -1592762
72 ID00072 2.13 18993245 18993245
73 ID00073 -0.39 -3095711 -3095711
74 ID00074 0.11 667027 667027
75 ID00075 0.5 6139033 6139033
76 ID00076 2.67 17638604 17638604
77 ID00077 1.14 10737316 10737316
78 ID00078 1.16 9748655 9748655
79 ID00079 1.29 11648970 11648970
80 ID00080 0.9 9997244 9997244
81 ID00081 1.68 11373738 11373738
82 ID00082 1.66 12088966 12088966
83 ID00083 1.47 6278186 6278186
84 ID00084 1.38 15472670 15472670
85 ID00085 0.42 3907246 3907246
86 ID00086 3.36 14720891 14720891
87 ID00087 0.86 7583550 7583550
88 ID00088 0.79 8889899 8889899
89 ID00089 2.19 20617758 20617758
90 ID00090 1.21 10554860 10554860
91 ID00091 1.46 6226394 6226394
92 ID00092 0.79 6608670 6608670
93 ID00093 2.29 15353292 15353292
94 ID00094 3.05 13098966 13098966
95 ID00095 0.65 4272835 4272835
96 ID00096 2.8 21339002 21339002
97 ID00097 0.18 1710992 1710992
98 ID00098 0.39 2716788 2716788
99 ID00099 1.8 18831096 18831096
100 ID00100 1.78 10330557 10330557
101 ID00101 0.39 2495744 2495744
102 ID00102 1.9 23446002 23446002
103 ID00103 4.35 20368627 20368627
104 ID00104 -1.17 -13985387 -13985387
105 ID00105 2.07 22660606 22660606
106 ID00106 0.27 1798803 1798803
107 ID00107 4.92 23619367 23619367
108 ID00108 3.07 17290439 17290439
109 ID00109 -1.27 -10242889 -10242889
110 ID00110 0.61 4774654 4774654
111 ID00111 2.83 24925133 24925133
112 ID00112 0.59 6685679 6685679
113 ID00113 0.56 6711583 6711583
114 ID00114 1.63 6935398 6935398
115 ID00115 0.56 4273108 4273108
116 ID00116 1.35 8796732 8796732
117 ID00117 0.58 5164148 5164148
118 ID00118 0.97 5473290 5473290
119 ID00119 1.23 9888483 9888483
120 ID00120 0.61 6146620 6146620
121 ID00121 0.29 2549052 2549052
122 ID00122 0.73 7081756 7081756
123 ID00123 0.72 7776066 7776066
124 ID00124 0.71 8704165 8704165
125 ID00125 0.52 5990768 5990768
126 ID00126 0.01 89374 89374
127 ID00127 1.44 12643325 12643325
128 ID00128 0.39 3095551 3095551
129 ID00129 1.14 8358372 8358372
130 ID00130 0.5 2783890 2783890
131 ID00131 2.31 15297750 15297750
132 ID00132 -0.69 -3774265 -3774265
133 ID00133 3.34 14676331 14676331
134 ID00134 0.72 7147169 7147169
135 ID00135 -0.16 -1548407 -1548407
136 ID00136 0.54 4485464 4485464
137 ID00137 2.02 13006400 13006400
138 ID00138 1.94 8386835 8386835
139 ID00139 0.66 4598458 4598458
140 ID00140 2.44 11295630 11295630
141 ID00141 -0.32 -3303452 -3303452
142 ID00142 2.59 16421272 16421272
143 ID00143 0.93 9057977 9057977
144 ID00144 0.4 3830352 3830352
145 ID00145 0.72 4629842 4629842
146 ID00146 0.47 3227796 3227796
147 ID00147 1.11 12384271 12384271
148 ID00148 1.29 12588949 12588949
149 ID00149 1.63 13879093 13879093
150 ID00150 2.35 13770960 13770960
151 ID00151 2.33 11874957 11874957
152 ID00152 1.41 10478865 10478865
153 ID00153 2.7 16171468 16171468
154 ID00154 1.86 15411355 15411355
155 ID00155 1.31 8754533 8754533
156 ID00156 1.28 8739391 8739391
157 ID00157 3.11 17305122 17305122
158 ID00158 1.21 8360934 8360934
159 ID00159 5.41 23412312 23412312
160 ID00160 1.06 9970748 9970748
161 ID00161 1.08 9176943 9176943
162 ID00162 2.6 21080501 21080501
163 ID00163 2.12 10789958 10789958
164 ID00164 2.02 13704541 13704541
165 ID00165 1.39 15597337 15597337
166 ID00166 0.21 2060192 2060192
167 ID00167 4.31 19802255 19802255
168 ID00168 0.01 73159 73159
169 ID00169 1.41 13348695 13348695
170 ID00170 0.89 9737546 9737546
171 ID00171 2.7 26295947 26295947
172 ID00172 3.88 22941268 22941268
173 ID00173 0.11 777358 777358
174 ID00174 2.46 19659976 19659976
175 ID00175 2.46 25188256 25188256
176 ID00176 -0.17 -952742 -952742
177 ID00177 0.86 10369660 10369660
178 ID00178 1.47 14334936 14334936
179 ID00179 2.49 23045327 23045327
180 ID00180 -0.57 -5721653 -5721653
181 ID00181 3.07 20374104 20374104
182 ID00182 1.76 13295635 13295635
183 ID00183 1.39 13256541 13256541
184 ID00184 1.73 15105683 15105683
185 ID00185 1.93 12889663 12889663
186 ID00186 2.19 15900818 15900818
187 ID00187 1.25 10671690 10671690
188 ID00188 1.71 10650427 10650427
189 ID00189 1.45 16430217 16430217
190 ID00190 1.81 16008437 16008437
191 ID00191 1.16 7511676 7511676
192 ID00192 2.06 21465491 21465491
193 ID00193 0.98 10836155 10836155
194 ID00194 1.12 12661606 12661606
195 ID00195 3.04 20285639 20285639
196 ID00196 0.74 5703074 5703074
197 ID00197 1.76 16486927 16486927
198 ID00198 3.11 13847979 13847979
199 ID00199 3.17 19871853 19871853
200 ID00200 0.16 1923820 1923820
201 ID00201 4.07 27750031 27750031
202 ID00202 1.44 15217109 15217109
203 ID00203 -0.57 -6114402 -6114402
204 ID00204 0.64 6761937 6761937
205 ID00205 4.47 30951230 30951230
206 ID00206 -0.53 -4569561 -4569561
207 ID00207 4.04 36544107 36544107
208 ID00208 0.24 1707123 1707123
209 ID00209 2.21 26546300 26546300
210 ID00210 0.49 3439086 3439086
211 ID00211 0.99 7355344 7355344
212 ID00212 3.11 22945946 22945946
213 ID00213 3.42 18395876 18395876
214 ID00214 1.36 14389111 14389111
215 ID00215 -0.64 -7812403 -7812403
216 ID00216 2.83 28809051 28809051
217 ID00217 2.52 11465900 11465900
218 ID00218 1.31 11433597 11433597
219 ID00219 1.06 10858324 10858324
220 ID00220 1.9 10865317 10865317
221 ID00221 2.31 13211222 13211222
222 ID00222 1.33 10855696 10855696
223 ID00223 1.35 14293063 14293063
224 ID00224 1.25 10383202 10383202
225 ID00225 1.38 14219030 14219030
226 ID00226 0.87 8280740 8280740
227 ID00227 1.36 12615293 12615293
228 ID00228 0.73 7537322 7537322
229 ID00229 2.69 21229058 21229058
230 ID00230 1.44 9263072 9263072
231 ID00231 0.33 3346095 3346095
232 ID00232 0.89 9710619 9710619
233 ID00233 1.31 12793113 12793113
234 ID00234 1.79 17265447 17265447
235 ID00235 0.63 7917983 7917983
236 ID00236 2.4 23811878 23811878
237 ID00237 0.05 226845 226845
238 ID00238 2.8 23069265 23069265
239 ID00239 1.36 12981622 12981622
240 ID00240 0.59 5479264 5479264
241 ID00241 2.49 18565343 18565343
242 ID00242 2.38 10647828 10647828
243 ID00243 1.07 9473132 9473132
244 ID00244 -1.07 -7414297 -7414297
245 ID00245 0.92 8195589 8195589
246 ID00246 1.28 10695372 10695372
247 ID00247 1.87 13727603 13727603
248 ID00248 5.03 43502063 43502063
249 ID00249 0.12 1163739 1163739
250 ID00250 1.77 17849120 17849120
251 ID00251 -0.39 -1897426 -1897426
252 ID00252 0.52 5614382 3786979
253 ID00253 0.37 6249743 3337318
254 ID00254 0.35 4461698 3298670
255 ID00255 0.67 5410304 3512513
256 ID00256 0.4 7428660 4796276
257 ID00257 0.42 5654914 3544676
258 ID00258 0.17 2759107 2250991
259 ID00259 0.43 5570621 4280362
260 ID00260 0.3 4844486 4067608
261 ID00261 0.47 9194388 8085543
262 ID00262 0.32 4782511 3393844
263 ID00263 0.11 1944160 1001476
264 ID00264 0.67 11668296 7881599
265 ID00265 0.33 4382351 2444306
266 ID00266 0.46 5413848 3684600
267 ID00267 0.4 3541166 2621776
268 ID00268 0.18 3470982 3519818
269 ID00269 0.64 10027400 8449100
270 ID00270 0.38 6115219 4865448
271 ID00271 0.37 6793973 3543093
272 ID00272 0.38 6858431 4939263
273 ID00273 -0.24 -3143016 -2767944
274 ID00274 0.73 16239604 14963978
275 ID00275 0.16 2973654 3194225
276 ID00276 -0.51 -4762429 -3833795
277 ID00277 0.48 7755613 9445243
278 ID00278 0.16 2426182 2220001
279 ID00279 1.25 14860801 15164259
280 ID00280 0.68 11564105 8142284
281 ID00281 -0.47 -6478881 -3546589
282 ID00282 1.03 12455602 6733151
283 ID00283 0.34 6065314 4078193
284 ID00284 0.39 7526116 6733148
285 ID00285 0.03 340483 214569
286 ID00286 0.43 7200167 10474488
287 ID00287 0.23 3627562 2299758
288 ID00288 0.29 3642708 3127287
289 ID00289 0.29 3959113 3143520
290 ID00290 0.22 3128511 2672794
291 ID00291 0.33 4397351 2274930
292 ID00292 0.19 3735303 2708204
293 ID00293 0.31 3122674 1892593
294 ID00294 0.34 5140457 7318888
295 ID00295 0.11 1668307 1585471
296 ID00296 0.3 4604923 3375154
297 ID00297 0.33 5293816 2981952
298 ID00298 0.08 1572362 825739
299 ID00299 0.31 4997364 4175484
300 ID00300 0.24 3378293 2228155
301 ID00301 0.02 187763 118917
302 ID00302 0.38 6095181 3794113
303 ID00303 0.13 2017077 1648677
304 ID00304 0.48 6084688 3422431
305 ID00305 0.02 490321 354153
306 ID00306 0.25 4518055 2983510
307 ID00307 0.1 1925857 1712192
308 ID00308 0.27 4447188 5045234
309 ID00309 1.11 9601298 5165906
310 ID00310 -0.08 -1256369 -789627
311 ID00311 0.61 8615494 4750692
312 ID00312 -0.14 -1821754 -1480791
313 ID00313 0.29 4939524 6682023
314 ID00314 0.41 5623311 3118365
315 ID00315 0.28 4771460 2907365
316 ID00316 -0.05 -797557 -605871
317 ID00317 0.65 9865973 9668079
318 ID00318 -0.1 -1615991 -1092546
319 ID00319 0.02 350129 274032
320 ID00320 0.21 3168332 2317848
321 ID00321 0.71 9045838 5413514
322 ID00322 0.3 5471037 3807345
323 ID00323 0.25 4731376 3987373
324 ID00324 0.38 6093700 4191843
325 ID00325 0.47 5240300 3009951
326 ID00326 0.54 5581170 4324670
327 ID00327 0.71 6173710 5572778
328 ID00328 0.19 3027836 2424640
329 ID00329 0.75 7533760 6445910
330 ID00330 0.13 1876779 1840929
331 ID00331 0.63 7554152 5217217
332 ID00332 0.33 3802691 3312587
333 ID00333 0.33 4323863 2815729
334 ID00334 0.59 10510887 10012453
335 ID00335 0.44 5388576 3009949
336 ID00336 0.2 3096532 2258098
337 ID00337 0.24 3220906 1807534
338 ID00338 0.61 7936328 5964719
339 ID00339 0.47 6745090 4499318
340 ID00340 0.11 2073053 2163524
341 ID00341 0.62 10817181 10218149
342 ID00342 0.05 895646 709002
343 ID00343 0.08 1304305 924662
344 ID00344 0.58 9474314 7947287
345 ID00345 0.31 5381226 5255333
346 ID00346 0.12 1261324 1354422
347 ID00347 0.89 12302785 8109430
348 ID00348 0.69 10056384 6948562
349 ID00349 -0.3 -6705131 -6511460
350 ID00350 0.87 11698771 10719643
351 ID00351 0.05 869671 665720
352 ID00352 0.98 11248220 9670818
353 ID00353 0.61 8515617 7319104
354 ID00354 -0.49 -5007635 -2550832
355 ID00355 0.22 2394536 1345423
356 ID00356 0.73 12928311 13798368
357 ID00357 0.19 3233894 2101849
358 ID00358 0.2 3405789 2325115
359 ID00359 0.17 3398742 2036808
360 ID00360 0.11 2059835 1254084
361 ID00361 0.25 4408411 2348200
362 ID00362 0.19 2624401 2096359
363 ID00363 0.19 2699002 1700419
364 ID00364 0.3 5075751 3635164
365 ID00365 0.18 3079795 3225284
366 ID00366 0.08 1295031 937643
367 ID00367 0.26 3653744 2580633
368 ID00368 0.22 3763626 2798387
369 ID00369 0.31 4376770 3245643
370 ID00370 0.2 2921667 1735130
371 ID00371 0 45768 35853
372 ID00372 0.44 6571804 4591571
373 ID00373 0.18 1481610 1182121
374 ID00374 0.22 4184683 3563038
375 ID00375 0.09 1341397 1182319
376 ID00376 0.8 7492988 6621609
377 ID00377 -0.14 -1905248 -1299045
378 ID00378 0.79 7418714 5059073
379 ID00379 0.21 3578888 2952908
380 ID00380 -0.04 -754900 -407150
381 ID00381 0.21 2297800 1239949
382 ID00382 0.55 6313110 5887013
383 ID00383 0.38 4282202 3066672
384 ID00384 0.16 2238377 1474268
385 ID00385 0.35 5917007 3223353
386 ID00386 -0.16 -1665175 -1336588
387 ID00387 0.48 7892062 4568074
388 ID00388 0.33 4673621 3333926
389 ID00389 0.11 1943107 1425554
390 ID00390 0.18 2268300 1620764
391 ID00391 0.1 1622389 1232101
392 ID00392 0.55 6494875 4560839
393 ID00393 0.43 6208955 4606098
394 ID00394 0.68 6837149 5856061
395 ID00395 0.63 6740976 5325225
396 ID00396 0.39 5781873 3855555
397 ID00397 0.27 5424558 3421890
398 ID00398 0.93 8319814 6067014
399 ID00399 0.59 7738238 7515944
400 ID00400 0.43 4578709 5652012
401 ID00401 0.2 4227604 3080105
402 ID00402 0.7 8961897 7311012
403 ID00403 0.55 4145417 3394514
404 ID00404 0.68 11338672 13641061
405 ID00405 0.24 5073548 4062658
406 ID00406 0.28 4796871 2851448
407 ID00407 0.98 10780598 5991356
408 ID00408 0.31 5265588 3837690
409 ID00409 0.47 6775268 7114022
410 ID00410 0.6 7486621 8033669
411 ID00411 0.06 984122 690299
412 ID00412 0.57 10217216 8245126
413 ID00413 0 37863 24275
414 ID00414 0.44 6634088 5996978
415 ID00415 0.38 4938923 7409373
416 ID00416 1.18 13415508 13897878
417 ID00417 0.87 11460430 10616547
418 ID00418 0.03 381616 254699
419 ID00419 0.64 9699074 8847761
420 ID00420 0.9 12690474 10787720
421 ID00421 -0.03 -492577 -323726
422 ID00422 0.27 5371153 3366935
423 ID00423 0.41 7499878 7342077
424 ID00424 0.72 11781051 7308888
425 ID00425 -0.25 -2959563 -2529962
426 ID00426 1.03 9726735 6716127
427 ID00427 0.5 6352982 4034089
428 ID00428 0.44 6352903 4315870
429 ID00429 0.53 7278350 6983652
430 ID00430 0.39 6561821 3601489
431 ID00431 0.49 7925506 5421461
432 ID00432 0.28 5457014 4961712
433 ID00433 0.32 5467917 4921755
434 ID00434 0.6 8203520 4995911
435 ID00435 0.68 8363082 6967886
436 ID00436 0.2 3649840 2528647
437 ID00437 0.73 10615477 11575759
438 ID00438 0.55 5491609 4055609
439 ID00439 0.36 6348627 6683373
440 ID00440 0.45 9942327 6155321
441 ID00441 0.18 2805778 2118377
442 ID00442 0.45 8090297 5930054
443 ID00443 0.3 6599075 7148900
444 ID00444 0.67 10116253 8550248
445 ID00445 0.11 1005624 671047
446 ID00446 1.19 13198863 12188914
447 ID00447 0.54 7362457 7101643
448 ID00448 -0.21 -2989914 -1599309
449 ID00449 0.2 3288514 2199204
450 ID00450 0.88 15135431 13078232
451 ID00451 -0.14 -2240781 -1475390
452 ID00452 1.1 18937764 12563781
453 ID00453 0.06 882101 506902
454 ID00454 1.15 12926240 7515525
455 ID00455 0.1 1702467 944406
456 ID00456 0.36 3730950 2115253
457 ID00457 0.67 11645269 12615047
458 ID00458 0.77 9055196 9240372
459 ID00459 0.43 7404552 4812368
460 ID00460 -0.2 -3732096 -2453680
461 ID00461 0.9 13767880 10006014
462 ID00462 0.65 5757415 5545337
463 ID00463 0.37 5769002 5440048
464 ID00464 0.33 5560079 5361824
465 ID00465 0.39 5682571 5874060
466 ID00466 0.63 6315642 3806328
467 ID00467 0.39 5328686 4841100
468 ID00468 0.38 7339772 7447332
469 ID00469 0.27 5211796 3425880
470 ID00470 0.48 7253659 4534990
471 ID00471 0.23 4056910 2479289
472 ID00472 0.49 6155697 5092107
473 ID00473 0.18 3813320 3276534
474 ID00474 0.84 11084841 11163243
475 ID00475 0.4 4443467 4732425
476 ID00476 0.11 1714241 1727394
477 ID00477 0.32 4883903 3022328
478 ID00478 0.37 6657632 5792769
479 ID00479 0.49 8366894 8091692
480 ID00480 0.21 4020428 2585364
481 ID00481 1.25 12008685 6897259
482 ID00482 0.01 109203 71324
483 ID00483 0.66 11151145 9656505
484 ID00484 0.56 6462138 3741813
485 ID00485 0.21 2797162 1944717
486 ID00486 0.61 9499221 8300661
487 ID00487 0.48 5416310 4137360
488 ID00488 0.29 4600490 3115505
489 ID00489 -0.19 -3658267 -3285997
490 ID00490 0.29 4097076 3041611
491 ID00491 0.27 5419057 3977673
492 ID00492 0.71 7094589 5609671
493 ID00493 1.59 20949152 23524659
494 ID00494 0.03 564725 469195
495 ID00495 0.75 9027981 6699835
496 ID00496 -0.05 -935195 -907499
497 ID00497 0.55 3786979 954182
498 ID00498 0.61 3337318 769109
499 ID00499 0.48 3298670 756515
500 ID00500 0.42 3512513 839435
501 ID00501 0.75 4796276 1154915
502 ID00502 0.54 3544676 709070
503 ID00503 0.29 2250991 505284
504 ID00504 0.62 4280362 1151777
505 ID00505 0.56 4067608 886863
506 ID00506 1.59 8085543 1909482
507 ID00507 0.59 3393844 747539
508 ID00508 0.15 1001476 222745
509 ID00509 1 7881599 1567860
510 ID00510 0.29 2444306 700418
511 ID00511 0.78 3684600 767226
512 ID00512 0.29 2621776 620071
513 ID00513 0.67 3519818 789594
514 ID00514 1.7 8449100 2242827
515 ID00515 0.68 4865448 1043811
516 ID00516 0.67 3543093 845012
517 ID00517 0.66 4939263 1118368
518 ID00518 -0.46 -2767944 -639995
519 ID00519 2.9 14963978 3590113
520 ID00520 0.45 3194225 773316
521 ID00521 -0.56 -3833795 -946641
522 ID00522 1.31 9445243 2234114
523 ID00523 0.37 2220001 582691
524 ID00524 1.92 15164259 3753317
525 ID00525 1.05 8142284 1836234
526 ID00526 -0.53 -3546589 -920903
527 ID00527 0.9 6733151 1683744
528 ID00528 0.57 4078193 899051
529 ID00529 1.02 6733148 1627646
530 ID00530 0.03 214569 49015
531 ID00531 1.11 10474488 2473745
532 ID00532 0.29 2299758 574308
533 ID00533 0.41 3127287 712412
534 ID00534 0.56 3143520 664349
535 ID00535 0.38 2672794 631898
536 ID00536 0.32 2274930 532669
537 ID00537 0.3 2708204 610668
538 ID00538 0.27 1892593 502618
539 ID00539 1.02 7318888 1747819
540 ID00540 0.25 1585471 403763
541 ID00541 0.53 3375154 783043
542 ID00542 0.4 2981952 561112
543 ID00543 0.12 825739 183863
544 ID00544 0.71 4175484 1016538
545 ID00545 0.29 2228155 611906
546 ID00546 0.01 118917 31160
547 ID00547 0.6 3794113 884507
548 ID00548 0.29 1648677 376959
549 ID00549 0.42 3422431 1078291
550 ID00550 0.08 354153 76073
551 ID00551 0.31 2983510 600536
552 ID00552 0.25 1712192 321392
553 ID00553 0.74 5045234 1124072
554 ID00554 0.78 5165906 1472457
555 ID00555 -0.12 -789627 -193207
556 ID00556 0.75 4750692 1029833
557 ID00557 -0.19 -1480791 -361824
558 ID00558 0.82 6682023 1572369
559 ID00559 0.51 3118365 709598
560 ID00560 0.39 2907365 701098
561 ID00561 -0.07 -605871 -140651
562 ID00562 1.7 9668079 2534269
563 ID00563 -0.17 -1092546 -262802
564 ID00564 0.03 274032 63530
565 ID00565 0.29 2317848 466649
566 ID00566 1.06 5413514 1409067
567 ID00567 0.55 3807345 896227
568 ID00568 0.49 3987373 923991
569 ID00569 0.53 4191843 1084507
570 ID00570 0.39 3009951 679015
571 ID00571 0.68 4324670 1056742
572 ID00572 0.84 5572778 1381341
573 ID00573 0.41 2424640 610572
574 ID00574 0.97 6445910 1588921
575 ID00575 0.33 1840929 495217
576 ID00576 0.75 5217217 1338261
577 ID00577 0.49 3312587 858876
578 ID00578 0.36 2815729 646650
579 ID00579 1.37 10012453 2470988
580 ID00580 0.53 3009949 788530
581 ID00581 0.29 2258098 470793
582 ID00582 0.27 1807534 386638
583 ID00583 0.95 5964719 1316900
584 ID00584 0.54 4499318 996664
585 ID00585 0.32 2163524 510828
586 ID00586 1.58 10218149 2423129
587 ID00587 0.1 709002 177326
588 ID00588 0.13 924662 246720
589 ID00589 1.07 7947287 1581606
590 ID00590 0.69 5255333 1260546
591 ID00591 0.19 1354422 303753
592 ID00592 0.83 8109430 2105640
593 ID00593 1.09 6948562 1473306
594 ID00594 -0.81 -6511460 -1563187
595 ID00595 1.56 10719643 2525315
596 ID00596 0.08 665720 157251
597 ID00597 1.56 9670818 2663699
598 ID00598 1.07 7319104 1701378
599 ID00599 -0.35 -2550832 -614494
600 ID00600 0.21 1345423 358584
601 ID00601 2.16 13798368 2814930
602 ID00602 0.29 2101849 546918
603 ID00603 0.41 2325115 586407
604 ID00604 0.3 2036808 495045
605 ID00605 0.18 1254084 280806
606 ID00606 0.38 2348200 694743
607 ID00607 0.29 2096359 511513
608 ID00608 0.27 1700419 478883
609 ID00609 0.65 3635164 832938
610 ID00610 0.64 3225284 822187
611 ID00611 0.12 937643 208023
612 ID00612 0.31 2580633 834512
613 ID00613 0.44 2798387 623038
614 ID00614 0.56 3245643 720215
615 ID00615 0.22 1735130 342813
616 ID00616 0 35853 8818
617 ID00617 0.5 4591571 948875
618 ID00618 0.25 1182121 298062
619 ID00619 0.45 3563038 830664
620 ID00620 0.19 1182319 255067
621 ID00621 1.66 6621609 1864570
622 ID00622 -0.18 -1299045 -285014
623 ID00623 0.85 5059073 1256450
624 ID00624 0.42 2952908 670367
625 ID00625 -0.08 -407150 -89199
626 ID00626 0.24 1239949 311524
627 ID00627 0.86 5887013 1289114
628 ID00628 0.35 3066672 678112
629 ID00629 0.21 1474268 339444
630 ID00630 0.45 3223353 831401
631 ID00631 -0.2 -1336588 -246117
632 ID00632 0.72 4568074 1033982
633 ID00633 0.44 3333926 919961
634 ID00634 0.27 1425554 255588
635 ID00635 0.2 1620764 417260
636 ID00636 0.18 1232101 291310
637 ID00637 0.59 4560839 893171
638 ID00638 0.66 4606098 1121653
639 ID00639 1.14 5856061 1438159
640 ID00640 1.14 5325225 1639805
641 ID00641 0.51 3855555 938250
642 ID00642 0.54 3421890 715572
643 ID00643 0.82 6067014 1374062
644 ID00644 0.98 7515944 1507476
645 ID00645 1.13 5652012 1343015
646 ID00646 0.62 3080105 592073
647 ID00647 0.99 7311012 1719382
648 ID00648 0.56 3394514 757625
649 ID00649 1.79 13641061 3918191
650 ID00650 0.51 4062658 827774
651 ID00651 0.44 2851448 653628
652 ID00652 1.12 5991356 1271139
653 ID00653 0.53 3837690 918293
654 ID00654 1.23 7114022 1975241
655 ID00655 0.96 8033669 1953684
656 ID00656 0.12 690299 179309
657 ID00657 1.36 8245126 2086277
658 ID00658 0 24275 5718
659 ID00659 0.78 5996978 1230758
660 ID00660 1.07 7409373 1685741
661 ID00661 1.67 13897878 3248201
662 ID00662 1.42 10616547 2292564
663 ID00663 0.04 254699 53837
664 ID00664 1.46 8847761 2399710
665 ID00665 1.54 10787720 3276263
666 ID00666 -0.04 -323726 -68102
667 ID00667 0.58 3366935 802811
668 ID00668 1.22 7342077 1949819
669 ID00669 1 7308888 1630093
670 ID00670 -0.4 -2529962 -736059
671 ID00671 1.26 6716127 1353550
672 ID00672 0.76 4034089 997683
673 ID00673 0.46 4315870 913254
674 ID00674 1.08 6983652 1751746
675 ID00675 0.55 3601489 920340
676 ID00676 0.6 5421461 1120963
677 ID00677 0.65 4961712 1462234
678 ID00678 0.83 4921755 946989
679 ID00679 0.73 4995911 1105830
680 ID00680 1.03 6967886 1640512
681 ID00681 0.29 2528647 582307
682 ID00682 1.73 11575759 2494714
683 ID00683 0.47 4055609 1077361
684 ID00684 1.34 6683373 1416554
685 ID00685 1.03 6155321 1721920
686 ID00686 0.25 2118377 505675
687 ID00687 0.78 5930054 1343678
688 ID00688 1 7148900 1546202
689 ID00689 1.32 8550248 2073752
690 ID00690 0.11 671047 159589
691 ID00691 1.49 12188914 2556908
692 ID00692 0.95 7101643 1633940
693 ID00693 -0.27 -1599309 -391081
694 ID00694 0.31 2199204 487016
695 ID00695 2.14 13078232 2620201
696 ID00696 -0.2 -1475390 -330221
697 ID00697 1.47 12563781 3252637
698 ID00698 0.08 506902 104245
699 ID00699 1.13 7515525 1929515
700 ID00700 0.13 944406 186148
701 ID00701 0.28 2115253 541852
702 ID00702 2.62 12615047 3080894
703 ID00703 1.87 9240372 1876021
704 ID00704 0.88 4812368 991257
705 ID00705 -0.31 -2453680 -570552
706 ID00706 1.71 10006014 2632052
707 ID00707 0.75 5545337 1299818
708 ID00708 0.74 5440048 1182420
709 ID00709 0.69 5361824 1301929
710 ID00710 0.84 5874060 1396181
711 ID00711 0.53 3806328 827342
712 ID00712 0.65 4841100 1024459
713 ID00713 0.98 7447332 1676599
714 ID00714 0.67 3425880 773690
715 ID00715 0.58 4534990 1193283
716 ID00716 0.34 2479289 655569
717 ID00717 0.83 5092107 1208884
718 ID00718 0.5 3276534 884721
719 ID00719 1.86 11163243 2839732
720 ID00720 0.62 4732425 1250077
721 ID00721 0.32 1727394 402553
722 ID00722 0.51 3022328 785600
723 ID00723 0.93 5792769 1281977
724 ID00724 1.4 8091692 1711286
725 ID00725 0.33 2585364 649966
726 ID00726 1.05 6897259 1835382
727 ID00727 0.01 71324 15834
728 ID00728 1.5 9656505 2549494
729 ID00729 0.56 3741813 870153
730 ID00730 0.35 1944717 438010
731 ID00731 1.06 8300661 2104072
732 ID00732 0.7 4137360 898116
733 ID00733 0.5 3115505 759279
734 ID00734 -0.44 -3285997 -807505
735 ID00735 0.56 3041611 745079
736 ID00736 0.74 3977673 1039204
737 ID00737 0.63 5609671 1415861
738 ID00738 4.76 23524659 4862974
739 ID00739 0.06 469195 109719
740 ID00740 0.88 6699835 1680772
741 ID00741 -0.15 -907499 -170180
742 ID00742 11977.3 5305560789 1037154
743 ID00743 13102.9 5305375716 835988
744 ID00744 20674.9 5305363122 822298
745 ID00745 13720.1 5305446042 912429
746 ID00746 22953.7 5305761522 1255342
747 ID00747 14887.3 5305315677 770728
748 ID00748 22891.8 5305111891 549221
749 ID00749 19651.7 5305758384 1251931
750 ID00750 26069.8 5305493470 963981
751 ID00751 11316.2 5306516089 2075523
752 ID00752 12245.1 5305354146 812542
753 ID00753 13741.9 5304829352 242114
754 ID00754 17855.2 5306174467 1704195
755 ID00755 18354.9 5305307025 761323
756 ID00756 13825.8 5305373833 833941
757 ID00757 15878.5 5305226678 673990
758 ID00758 15500.8 5305396201 858254
759 ID00759 17438 5306849434 2437855
760 ID00760 16702.8 5305650418 1134577
761 ID00761 20963 5305451619 918491
762 ID00762 16896.1 5305724975 1215617
763 ID00763 11780.4 5303966612 -695646
764 ID00764 11120.7 5308196720 3902296
765 ID00765 19450.5 5305379923 840560
766 ID00766 24608.1 5303659966 -1028957
767 ID00767 9915.45 5306840721 2428384
768 ID00768 11138.7 5305189298 633359
769 ID00769 14054.3 5308359924 4079692
770 ID00770 14470.3 5306442841 1995906
771 ID00771 21542.9 5303685704 -1000981
772 ID00772 14130.4 5306290351 1830156
773 ID00773 12112.8 5305505658 977229
774 ID00774 17063.1 5306234253 1769180
775 ID00775 13266.6 5304655622 53277
776 ID00776 15432.1 5307080352 2688853
777 ID00777 10883.3 5305180915 624247
778 ID00778 22196.1 5305319019 774360
779 ID00779 13838 5305270956 722118
780 ID00780 10720.1 5305238505 686845
781 ID00781 9907.92 5305139276 578988
782 ID00782 13509.5 5305217275 663769
783 ID00783 13644 5305109225 546323
784 ID00784 13467.1 5306354426 1899803
785 ID00785 14667.7 5305010370 438872
786 ID00786 20391.6 5305389650 851133
787 ID00787 24287.1 5305167719 609904
788 ID00788 12730.4 5304790470 199851
789 ID00789 16732.9 5305623145 1104932
790 ID00790 14617.5 5305218513 665115
791 ID00791 15742 5304637767 33869
792 ID00792 23469.4 5305491114 961420
793 ID00793 16126 5304983566 409738
794 ID00794 15521.9 5305684898 1172055
795 ID00795 10830.1 5304682680 82688
796 ID00796 13602.8 5305207143 652756
797 ID00797 16083.1 5304927999 349339
798 ID00798 14900.1 5305730679 1221817
799 ID00799 21387.3 5306079064 1600496
800 ID00800 25473.7 5304413400 -210007
801 ID00801 12409.3 5305636440 1119383
802 ID00802 13647.2 5304244783 -393286
803 ID00803 11524.3 5306178976 1709096
804 ID00804 12956 5305316205 771302
805 ID00805 13441.6 5305307705 762063
806 ID00806 18489.8 5304465956 -152881
807 ID00807 19136 5307140876 2754640
808 ID00808 16629.9 5304343805 -285654
809 ID00809 17469.9 5304670137 69054
810 ID00810 14620.7 5305073256 507227
811 ID00811 13473 5306015674 1531594
812 ID00812 10803.3 5305502834 974159
813 ID00813 18837.1 5305530598 1004338
814 ID00814 21012.9 5305691114 1178811
815 ID00815 16742.1 5305285622 738059
816 ID00816 20892.7 5305663349 1148632
817 ID00817 12767.8 5305987948 1501457
818 ID00818 16241 5305217179 663665
819 ID00819 10256.5 5306195528 1727088
820 ID00820 11772.3 5305101824 538279
821 ID00821 19056.5 5305944868 1454631
822 ID00822 10252 5305465483 933560
823 ID00823 21473 5305253257 702880
824 ID00824 26141.8 5307077595 2685856
825 ID00825 14543 5305395137 857097
826 ID00826 16431.4 5305077400 511731
827 ID00827 13778 5304993245 420258
828 ID00828 13442.5 5305923507 1431413
829 ID00829 14082.1 5305603271 1083330
830 ID00830 16112.6 5305117435 555247
831 ID00831 14996.7 5307029736 2633835
832 ID00832 14917.5 5304783933 192745
833 ID00833 12549.7 5304853327 268173
834 ID00834 11753.9 5306188213 1719136
835 ID00835 20641.6 5305867153 1370158
836 ID00836 15613.6 5304910360 330166
837 ID00837 15282.2 5306712247 2288739
838 ID00838 18563.1 5306079913 1601419
839 ID00839 18931.5 5303043420 -1699116
840 ID00840 17722 5307131922 2744907
841 ID00841 14225.3 5304763858 170925
842 ID00842 18157.5 5307270306 2895325
843 ID00843 11669.5 5306307985 1849323
844 ID00844 16999.5 5303992113 -667928
845 ID00845 16435.7 5304965191 389765
846 ID00846 13676 5307421537 3059706
847 ID00847 12139.2 5305153525 594476
848 ID00848 18535.2 5305193014 637398
849 ID00849 13091.8 5305101652 538092
850 ID00850 9806.89 5304887413 305223
851 ID00851 13962.7 5305301350 755155
852 ID00852 15170.4 5305118120 555992
853 ID00853 15404.8 5305085490 520525
854 ID00854 13674.6 5305439545 905367
855 ID00855 15662.7 5305428794 893681
856 ID00856 16537 5304814630 226111
857 ID00857 15479.1 5305441119 907078
858 ID00858 14635.3 5305229645 677215
859 ID00859 10402.8 5305326822 782842
860 ID00860 9607.1 5304949420 372622
861 ID00861 19398 5304615425 9584
862 ID00862 15781.2 5305555482 1031385
863 ID00863 21913.3 5304904669 323980
864 ID00864 10643 5305437271 902895
865 ID00865 22269.4 5304861674 277246
866 ID00866 11623 5306471177 2026706
867 ID00867 10952.4 5304321593 -309797
868 ID00868 10297.6 5305863057 1365706
869 ID00869 11951.9 5305276974 728659
870 ID00870 21470.9 5304517408 -96955
871 ID00871 16428.1 5304918131 338613
872 ID00872 10628.5 5305895721 1401210
873 ID00873 26944.9 5305284719 737078
874 ID00874 15064 5304946051 368960
875 ID00875 16492.6 5305438008 903696
876 ID00876 13028.9 5304360490 -267518
877 ID00877 21916.3 5305640589 1123893
878 ID00878 17220.6 5305526568 999957
879 ID00879 12477 5304862195 277813
880 ID00880 12754.2 5305023867 453543
881 ID00881 16953 5304897917 316641
882 ID00882 20649.5 5305499778 970838
883 ID00883 18009 5305728260 1219188
884 ID00884 12005.8 5306044766 1563216
885 ID00885 13323.9 5306246412 1782396
886 ID00886 22029.4 5305544857 1019836
887 ID00887 21396.6 5305322179 777795
888 ID00888 9989.36 5305980669 1493545
889 ID00889 18338.5 5306114083 1638560
890 ID00890 17714.2 5305949622 1459798
891 ID00891 17863.4 5305198680 643557
892 ID00892 12320.2 5306325989 1868893
893 ID00893 18697.3 5305364232 823505
894 ID00894 12217.6 5308524798 4258903
895 ID00895 22315 5305434381 899754
896 ID00896 24935.6 5305260235 710465
897 ID00897 27093.3 5305877746 1381672
898 ID00898 10646.2 5305524900 998144
899 ID00899 14619.6 5306581848 2147001
900 ID00900 13054.3 5306560291 2123569
901 ID00901 13126.4 5304785916 194901
902 ID00902 16511.2 5306692884 2267692
903 ID00903 16438.1 5304612325 6215
904 ID00904 16780.7 5305837365 1337780
905 ID00905 13639.8 5306292348 1832327
906 ID00906 16954.4 5307854808 3530653
907 ID00907 12574 5306899171 2491917
908 ID00908 15630 5304660444 58518
909 ID00909 20366.9 5307006317 2608380
910 ID00910 16453.2 5307882870 3561155
911 ID00911 25622.4 5304538505 -74023
912 ID00912 17543.8 5305409418 872620
913 ID00913 14377.7 5306556426 2119368
914 ID00914 13865.2 5306236700 1771840
915 ID00915 13639.2 5303870548 -800064
916 ID00916 17396.4 5305960157 1471250
917 ID00917 12022.6 5305604290 1084438
918 ID00918 19826.6 5305519861 992667
919 ID00919 17342.2 5306358353 1904071
920 ID00920 11710.6 5305526947 1000369
921 ID00921 24554.2 5305727570 1218438
922 ID00922 10957.8 5306068841 1589384
923 ID00923 15851.6 5305553596 1029335
924 ID00924 15468.7 5305712437 1201989
925 ID00925 12304.5 5306247119 1783165
926 ID00926 10375.7 5305188914 632942
927 ID00927 13988.4 5307101321 2711645
928 ID00928 12041.2 5305683968 1171044
929 ID00929 18613.1 5306023161 1539732
930 ID00930 14804.6 5306328527 1871652
931 ID00931 10700.2 5305112282 549646
932 ID00932 12296.3 5305950285 1460519
933 ID00933 13115.3 5306152809 1680654
934 ID00934 14048.6 5306680359 2254078
935 ID00935 19072.9 5304766196 173466
936 ID00936 12807.5 5307163515 2779247
937 ID00937 12951.7 5306240547 1776021
938 ID00938 12808.9 5304215526 -425088
939 ID00939 12959.8 5305093623 529365
940 ID00940 15594 5307226808 2848044
941 ID00941 27406.2 5304276386 -358935
942 ID00942 15201.3 5307859244 3535475
943 ID00943 11154.8 5304710852 113309
944 ID00944 17572.7 5306536122 2097298
945 ID00945 12866.6 5304792755 202334
946 ID00946 15665.5 5305148459 588969
947 ID00947 18638 5307687501 3348797
948 ID00948 19401.7 5306482628 2039153
949 ID00949 19134.8 5305597864 1077453
950 ID00950 13920.2 5304036055 -620165
951 ID00951 15561.1 5307238659 2860926
952 ID00952 12156.2 5305906425 1412845
953 ID00953 12916.8 5305789027 1285239
954 ID00954 11292.6 5305908536 1415140
955 ID00955 19642.1 5306002788 1517588
956 ID00956 13227.9 5305433949 899284
957 ID00957 22720.4 5305631066 1113542
958 ID00958 11477.3 5306283206 1822390
959 ID00959 10564.6 5305380297 840967
960 ID00960 22995.1 5305799890 1297046
961 ID00961 13527.8 5305262176 712575
962 ID00962 18143.4 5305815491 1314004
963 ID00963 11236.9 5305491328 961653
964 ID00964 11092.4 5307446339 3086665
965 ID00965 15426.5 5305856684 1358779
966 ID00966 12816.3 5305009160 437557
967 ID00967 12265.7 5305392207 853913
968 ID00968 15488.3 5305888584 1393453
969 ID00969 14582.3 5306317893 1860093
970 ID00970 14888.5 5305256573 706484
971 ID00971 19674.3 5306441989 1994980
972 ID00972 27775.4 5304622441 17210
973 ID00973 9814.63 5307156101 2771189
974 ID00974 14114.6 5305476760 945818
975 ID00975 11081.4 5305044617 476097
976 ID00976 21221.4 5306710679 2287034
977 ID00977 10989.5 5305504723 976213
978 ID00978 19790.4 5305365886 825303
979 ID00979 23472.1 5303799102 -877722
980 ID00980 12172 5305351686 809868
981 ID00981 14207.2 5305645811 1129569
982 ID00982 12230.8 5306022468 1538979
983 ID00983 11656.9 5309469581 5285841
984 ID00984 15281.7 5304716326 119259
985 ID00985 10512 5306287379 1826926
986 ID00986 13790.9 5304436427 -184978
987 ID00987 21.98 40540802 38246039
988 ID00988 9.75 25032969 23616008
989 ID00989 17.8 39257769 37035631
990 ID00990 11.35 21585072 20363275
991 ID00991 22.11 51031164 48142607
992 ID00992 20.58 48241437 45510789
993 ID00993 18.23 44230803 41727172
994 ID00994 160.67 254641521 252202630
995 ID00995 0.21 240227850 4291370
996 ID00996 6034.5 5308897977 9441894
