0 ID00000 18.14 40529265 1015340
1 ID00001 18.27 40472743 1004195
2 ID00002 18.06 40518101 1009623
3 ID00003 18.56 40531147 986752
4 ID00004 17.97 40492518 981274
5 ID00005 17.96 40491480 993463
6 ID00006 18.02 40514562 958876
7 ID00007 18.39 40504725 997843
8 ID00008 17.44 40486337 1019413
9 ID00009 18.95 40471344 999317
10 ID00010 17.91 40480840 982460
11 ID00011 17.92 40463702 955772
12 ID00012 18.61 40476668 940093
13 ID00013 18.62 40483263 976509
14 ID00014 17.97 40567802 992120
15 ID00015 17.81 40546171 974988
16 ID00016 18.56 40448822 962766
17 ID00017 18.22 40524272 996632
18 ID00018 18.14 40511763 957500
19 ID00019 18.3 40467901 998131
20 ID00020 18.78 40461023 995520
21 ID00021 17.93 40522359 975641
22 ID00022 17.95 40491741 966889
23 ID00023 18.16 40487469 1013196
24 ID00024 17.93 40507899 986531
25 ID00025 18.33 40455409 1023224
26 ID00026 17.82 40467773 964034
27 ID00027 18.33 40527098 995881
28 ID00028 18.57 40538654 974013
29 ID00029 18.55 40501092 990223
30 ID00030 18.66 40518060 970582
31 ID00031 18.65 40500258 952840
32 ID00032 17.87 40482077 1003287
33 ID00033 18.9 40510227 992171
34 ID00034 18.43 40541617 973663
35 ID00035 18.29 40503972 979577
36 ID00036 17.14 40500597 988783
37 ID00037 17.48 40481099 986469
38 ID00038 18.64 40549766 968378
39 ID00039 18.23 40496569 975560
40 ID00040 18.46 40511412 1013220
41 ID00041 17.66 40515744 985040
42 ID00042 18.73 40505133 996823
43 ID00043 17.92 40476503 986726
44 ID00044 17.41 40549981 994030
45 ID00045 18.1 40556272 968784
46 ID00046 18.17 40502111 986952
47 ID00047 18.25 40513481 967842
48 ID00048 18.53 40451531 976045
49 ID00049 18.03 40519110 981823
50 ID00050 17.92 40534807 967213
51 ID00051 17.77 40533173 967614
52 ID00052 18.59 40527371 962714
53 ID00053 18.4 40480490 985067
54 ID00054 18.46 40498249 1018882
55 ID00055 17.81 40479442 979165
56 ID00056 18.39 40517624 999219
57 ID00057 17.54 40468410 1006144
58 ID00058 18.91 40510877 979538
59 ID00059 18.06 40468742 970963
60 ID00060 18.32 40512972 999688
61 ID00061 18.14 40468881 987719
62 ID00062 18.43 40513528 1024180
63 ID00063 17.89 40494612 985787
64 ID00064 17.8 40539362 993261
65 ID00065 18.35 40525684 1003240
66 ID00066 18.11 40518192 967933
67 ID00067 18.03 40480099 1003323
68 ID00068 18.63 40482688 1005765
69 ID00069 17.99 40546608 972914
70 ID00070 18.1 40528940 1006965
71 ID00071 18.92 40532790 962074
72 ID00072 18.6 40515199 996733
73 ID00073 18.37 40505785 1000232
74 ID00074 17.91 40535882 978357
75 ID00075 17.91 40498668 985862
76 ID00076 18.12 40550901 984780
77 ID00077 17.32 40467471 995785
78 ID00078 17.16 40516746 997647
79 ID00079 18.5 40516750 970514
80 ID00080 18.2 40512614 978956
81 ID00081 18.07 40534547 1001788
82 ID00082 17.7 40469423 1023027
83 ID00083 18.2 40528093 1009859
84 ID00084 19.08 40531421 989936
85 ID00085 17.71 40518691 969744
86 ID00086 17.36 40507325 985941
87 ID00087 17.23 40485184 1004829
88 ID00088 17.61 40491697 994446
89 ID00089 18.25 40500561 1014239
90 ID00090 18.3 40526041 1005332
91 ID00091 18.3 40558734 1012041
92 ID00092 18.35 40471180 1031150
93 ID00093 18.32 40536434 1003217
94 ID00094 18.12 40482701 975405
95 ID00095 18.08 40526200 982896
96 ID00096 18.1 40507434 984083
97 ID00097 18.14 40509968 1011227
98 ID00098 18.62 40484243 997925
99 ID00099 18.37 40504618 982942
100 ID00100 17.72 40488780 989682
101 ID00101 17.05 40534241 978702
102 ID00102 17.99 40502658 1007121
103 ID00103 17.64 40526539 992676
104 ID00104 18.74 40517480 1035145
105 ID00105 18.13 40476323 979005
106 ID00106 18.08 40480429 992488
107 ID00107 18.39 40510678 1003161
108 ID00108 17.9 40511115 965462
109 ID00109 18.32 40511568 943029
110 ID00110 18.65 40481712 969178
111 ID00111 18.23 40499831 991130
112 ID00112 18.12 40541296 982069
113 ID00113 17.86 40495536 953874
114 ID00114 17.92 40500977 982425
115 ID00115 18.01 40544711 982475
116 ID00116 17.42 40533229 962251
117 ID00117 18.06 40522085 956717
118 ID00118 18.28 40492774 991995
119 ID00119 18.22 40536557 986792
120 ID00120 17.75 40508723 1005183
121 ID00121 17.77 40522971 1000520
122 ID00122 17.93 40469934 1012153
123 ID00123 17.86 40490330 980213
124 ID00124 17.76 40499186 1007141
125 ID00125 18.79 40514850 1004728
126 ID00126 18.31 40499698 994586
127 ID00127 18.43 40489183 975199
128 ID00128 18.47 40569865 1024014
129 ID00129 17.8 40501676 982757
130 ID00130 19.15 40519282 988709
131 ID00131 17.5 40489419 1001618
132 ID00132 19.07 40569770 976190
133 ID00133 17.7 40503248 1003580
134 ID00134 18.64 40480695 974276
135 ID00135 16.95 40471195 957558
136 ID00136 17.72 40519289 944260
137 ID00137 18.5 40508288 944658
138 ID00138 18.61 40532241 967388
139 ID00139 17.93 40534127 999182
140 ID00140 18.23 40531236 974897
141 ID00141 18.28 40498943 990430
142 ID00142 18.13 40552107 982649
143 ID00143 17.61 40478428 990939
144 ID00144 18.4 40510002 1010353
145 ID00145 18.84 40543009 978002
146 ID00146 18.24 40516869 978609
147 ID00147 17.9 40502095 950519
148 ID00148 18.12 40502785 998584
149 ID00149 18.64 40501586 1022320
150 ID00150 18.42 40507381 991111
151 ID00151 18.15 40562605 971140
152 ID00152 18.5 40477749 960835
153 ID00153 17.6 40562276 1005777
154 ID00154 17.61 40486889 948628
155 ID00155 18.13 40541904 1012516
156 ID00156 18.01 40496419 1012674
157 ID00157 17.71 40504165 972397
158 ID00158 18.45 40532478 1011791
159 ID00159 17.43 40532803 953527
160 ID00160 18.4 40483074 996600
161 ID00161 18.04 40502309 953716
162 ID00162 18.06 40546795 1009236
163 ID00163 18.24 40481086 1002122
164 ID00164 18.72 40543009 946282
165 ID00165 18.62 40504907 995211
166 ID00166 18.64 40513220 982414
167 ID00167 17.89 40502904 971220
168 ID00168 18.55 40523665 984366
169 ID00169 18.04 40515354 987637
170 ID00170 18.23 40528875 967686
171 ID00171 18.33 40494690 983268
172 ID00172 17.58 40528348 966648
173 ID00173 18.32 40537889 950283
174 ID00174 17.74 40583364 1008326
175 ID00175 18.14 40524672 1014468
176 ID00176 17.8 40531437 989508
177 ID00177 17.94 40466428 994400
178 ID00178 18.72 40535757 977142
179 ID00179 18.07 40505282 977253
180 ID00180 18.3 40538006 996943
181 ID00181 18.4 40499467 1009761
182 ID00182 18.6 40464994 1007711
183 ID00183 17.98 40536771 989665
184 ID00184 17.82 40475781 1010594
185 ID00185 17.85 40486147 1002288
186 ID00186 18.64 40498457 1002074
187 ID00187 16.95 40499459 992475
188 ID00188 18.16 40483756 989669
189 ID00189 17.8 40534684 971971
190 ID00190 17.54 40512203 992052
191 ID00191 17.9 40568877 1012143
192 ID00192 18.06 40508378 977749
193 ID00193 18.18 40560679 990386
194 ID00194 18.35 40533095 1007342
195 ID00195 18.49 40459683 972362
196 ID00196 17.38 40494646 975762
197 ID00197 17.68 40526942 1031778
198 ID00198 17.86 40531805 979530
199 ID00199 17.28 40546616 985618
200 ID00200 18.2 40530592 1011820
201 ID00201 18.45 40500000 993854
202 ID00202 18.89 40461716 989297
203 ID00203 18.12 40498310 976044
204 ID00204 17.88 40522884 998809
205 ID00205 17.86 40473732 983493
206 ID00206 17.11 40545305 1000980
207 ID00207 18.29 40527155 968395
208 ID00208 18.25 40510354 1020204
209 ID00209 18.05 40526198 991340
210 ID00210 18.34 40546204 987847
211 ID00211 18.87 40520443 1007156
212 ID00212 18.17 40492761 980536
213 ID00213 19.02 40481753 1000067
214 ID00214 19.15 40503363 987871
215 ID00215 18.25 40534507 998846
216 ID00216 18.27 40551400 937303
217 ID00217 17.54 40502410 985840
218 ID00218 18.48 40497509 1013590
219 ID00219 18.07 40549084 977181
220 ID00220 18.17 40511730 975014
221 ID00221 17.41 40527933 995964
222 ID00222 18.78 40533515 970523
223 ID00223 17.66 40482697 979230
224 ID00224 18.61 40514175 994060
225 ID00225 18.43 40507679 991468
226 ID00226 17.99 40490337 973682
227 ID00227 17.66 40513163 965770
228 ID00228 18.13 40506583 969415
229 ID00229 477.16 43966028 361612
230 ID00230 663.25 43898361 275964
231 ID00231 546.57 43949147 381510
232 ID00232 603 43939322 389636
233 ID00233 651.44 43895215 286253
234 ID00234 522 43906366 197139
235 ID00235 475.23 43894861 319633
236 ID00236 489.63 43923991 321407
237 ID00237 665.1 43927173 376713
238 ID00238 639.86 43892084 270187
239 ID00239 350.1 43884723 416240
240 ID00240 544.95 43840897 240324
241 ID00241 233.22 43838184 423516
242 ID00242 568.62 43881195 346014
243 ID00243 398.9 43981345 189332
244 ID00244 246.44 43942582 304835
245 ID00245 301.98 43833011 431839
246 ID00246 307.72 43942327 227369
247 ID00247 557.99 43890686 377860
248 ID00248 623.5 43887455 186077
249 ID00249 387.68 43877966 281643
250 ID00250 301.7 43919423 269115
251 ID00251 490.3 43880053 294989
252 ID00252 253.19 43922088 462050
253 ID00253 584.24 43915853 222147
254 ID00254 387.96 43900056 428868
255 ID00255 538.29 43853230 188741
256 ID00256 665.5 43944402 461264
257 ID00257 613.68 43934090 274686
258 ID00258 315.3 43912738 215553
259 ID00259 516.06 43910065 280472
260 ID00260 472.21 43874521 231491
261 ID00261 689.55 43906787 289246
262 ID00262 688.69 43923821 366309
263 ID00263 576.01 43936703 237270
264 ID00264 493.25 43904972 323564
265 ID00265 459.68 43910803 262065
266 ID00266 499.64 43888991 290183
267 ID00267 535.5 43939567 396919
268 ID00268 523.94 43893552 402293
269 ID00269 617.03 43946055 277700
270 ID00270 242.84 43922207 258931
271 ID00271 367.63 43923379 466015
272 ID00272 287.24 43884652 224076
273 ID00273 298.61 43965434 423307
274 ID00274 651.37 43946479 178833
275 ID00275 339.01 43910486 466955
276 ID00276 561.47 43902746 382790
277 ID00277 562.38 43848999 292584
278 ID00278 560.32 43922356 302134
279 ID00279 273.07 43923443 157006
280 ID00280 615.57 43922210 164348
281 ID00281 299.81 43911508 167604
282 ID00282 446.18 43886980 368890
283 ID00283 233.69 43938554 368848
284 ID00284 461.68 43880030 300670
285 ID00285 645.73 43938266 368769
286 ID00286 520.88 43895977 211003
287 ID00287 633.43 43911838 231430
288 ID00288 444.3 43861128 452112
289 ID00289 262.54 43934083 292726
290 ID00290 335.69 43878023 175585
291 ID00291 533.92 43959131 286739
292 ID00292 652.07 43901822 267351
293 ID00293 463.44 43954046 374457
294 ID00294 459.73 43950347 409276
295 ID00295 557.68 43907548 438193
296 ID00296 667.7 43904845 366001
297 ID00297 376.94 43909876 454576
298 ID00298 425.21 43940945 174765
299 ID00299 474.93 43957328 231098
300 ID00300 541.66 43916287 276875
301 ID00301 513.51 43933355 369834
302 ID00302 273.07 43927440 392959
303 ID00303 368.62 43935662 315103
304 ID00304 655.67 43905953 446335
305 ID00305 330.92 43957104 437135
306 ID00306 540.9 43884679 409631
307 ID00307 331.77 43935816 357807
308 ID00308 300.43 43908687 432426
309 ID00309 421.71 43912993 301731
310 ID00310 322.6 43957758 222278
311 ID00311 401.49 43913873 446219
312 ID00312 308.8 43959375 199931
313 ID00313 393.22 43942780 329952
314 ID00314 292.68 43909858 254009
315 ID00315 514.98 43914689 259937
316 ID00316 623.26 43911436 468999
317 ID00317 371.37 43907566 376973
318 ID00318 665.49 43936223 425085
319 ID00319 675.74 43952796 233770
320 ID00320 401.17 43992198 311027
321 ID00321 499.56 43923753 432727
322 ID00322 271.75 43961074 235116
323 ID00323 288.97 43879529 464029
324 ID00324 614.65 43930519 391370
325 ID00325 420.23 43912940 426260
326 ID00326 483.77 43942618 264199
327 ID00327 333.9 43903591 298214
328 ID00328 544.29 43908983 422204
329 ID00329 241.12 43899885 431491
330 ID00330 363.08 43934366 176022
331 ID00331 306.12 43931202 168257
332 ID00332 262.82 43940638 183446
333 ID00333 479.56 43974048 445459
334 ID00334 503.24 43876751 293533
335 ID00335 486.32 43894340 257050
336 ID00336 665.6 43935262 356206
337 ID00337 419.92 43898000 222822
338 ID00338 634.12 43876020 466086
339 ID00339 646.91 43872313 466981
340 ID00340 499.56 43912384 322072
341 ID00341 577.61 43944788 189366
342 ID00342 436.66 43870833 322825
343 ID00343 293.71 43904825 281423
344 ID00344 303.02 43948609 275000
345 ID00345 294.03 43916903 343775
346 ID00346 542.41 43900225 275889
347 ID00347 288.75 43906192 350094
348 ID00348 462.16 43944772 351941
349 ID00349 635.63 43935329 370684
350 ID00350 404.66 43944914 189637
351 ID00351 461.86 43903510 184064
352 ID00352 417.25 43891966 162283
353 ID00353 678.93 43927750 217652
354 ID00354 556.24 43941001 418136
355 ID00355 436.22 43915707 161761
356 ID00356 556.55 43885805 351347
357 ID00357 273.18 44015302 283769
358 ID00358 487.53 43905856 311152
359 ID00359 506.07 43929414 385222
360 ID00360 504.67 43912460 197094
361 ID00361 356.35 43967383 381936
362 ID00362 446.92 43928251 321630
363 ID00363 373.72 43876394 296581
364 ID00364 539.4 43850176 382739
365 ID00365 587.25 43884972 459099
366 ID00366 668.35 43874369 432056
367 ID00367 375.6 43921052 233496
368 ID00368 500.12 43954732 427005
369 ID00369 488.82 43927556 296698
370 ID00370 339.34 43910796 173438
371 ID00371 576.39 43956179 407253
372 ID00372 271.02 43890790 195707
373 ID00373 463.03 43941778 425679
374 ID00374 332.56 43942434 204488
375 ID00375 476.82 43916901 274944
376 ID00376 478.77 43874037 303343
377 ID00377 679.64 43922792 286487
378 ID00378 484.97 43945329 202911
379 ID00379 253.21 43919915 393473
380 ID00380 349.21 43955168 289929
381 ID00381 547.52 43860007 354785
382 ID00382 452.15 43989476 257142
383 ID00383 351.23 43856940 324086
384 ID00384 333.41 43975843 437946
385 ID00385 413.01 43930516 291566
386 ID00386 613.41 43897985 259073
387 ID00387 508.46 43965692 336230
388 ID00388 549.58 43907753 314754
389 ID00389 407.89 43901097 455201
390 ID00390 531.56 43877448 323664
391 ID00391 460.93 43977454 240756
392 ID00392 658.14 43904631 201758
393 ID00393 457.75 43910714 184465
394 ID00394 262.11 43921541 390569
395 ID00395 641.75 43917057 251946
396 ID00396 372.09 43895547 454512
397 ID00397 377.36 43929454 238356
398 ID00398 528.16 43924414 254201
399 ID00399 323.64 43917984 289406
400 ID00400 588.06 43899381 164938
401 ID00401 518.87 43916419 173393
402 ID00402 550.38 43909595 224074
403 ID00403 613.28 44013113 452293
404 ID00404 381.16 43960563 445759
405 ID00405 591.12 43942368 381413
406 ID00406 599.45 43882251 332424
407 ID00407 321.4 43934322 426463
408 ID00408 615.87 43903958 238565
409 ID00409 545.11 43956372 323276
410 ID00410 478.52 43930651 224224
411 ID00411 355.93 43894128 290577
412 ID00412 384.66 43947859 438793
413 ID00413 240.12 43907798 156668
414 ID00414 497.39 43909858 170787
415 ID00415 549.75 43921954 312067
416 ID00416 331.59 43913357 431256
417 ID00417 395.42 43894848 284506
418 ID00418 636.51 43928078 434970
419 ID00419 337.37 43925678 330908
420 ID00420 608.35 44002443 433842
421 ID00421 625.82 43907550 347882
422 ID00422 311.95 43972488 199920
423 ID00423 590.99 43961860 347240
424 ID00424 511.72 43853468 182895
425 ID00425 241.44 43891831 159043
426 ID00426 251.79 43980143 205813
427 ID00427 392.78 43932758 216199
428 ID00428 523.78 43953657 363977
429 ID00429 509.34 43963835 419143
430 ID00430 579.26 43915277 426340
431 ID00431 350.99 43872436 315901
432 ID00432 421.1 43895777 394868
433 ID00433 431.99 43943116 430629
434 ID00434 317.28 43878648 337471
435 ID00435 547.95 43967708 394970
436 ID00436 370.08 43916973 264771
437 ID00437 366.77 43951981 233932
438 ID00438 576.6 43938961 377980
439 ID00439 310.4 43955474 213126
440 ID00440 458.72 43949022 424483
441 ID00441 540.52 43894720 308023
442 ID00442 684.22 43903243 242759
443 ID00443 661.16 43912657 306248
444 ID00444 334.92 43954776 246584
445 ID00445 279.43 43910126 404567
446 ID00446 437.73 43909673 231602
447 ID00447 332.92 43932522 186560
448 ID00448 301.12 43947688 208405
449 ID00449 641.26 43908167 228422
450 ID00450 644.53 43945320 174662
451 ID00451 581.34 43925461 244968
452 ID00452 565.43 43883350 390386
453 ID00453 295.06 43929658 263425
454 ID00454 256.97 43920570 336502
455 ID00455 461.65 43885442 177624
456 ID00456 343.36 43900356 417426
457 ID00457 452.43 43897421 353526
458 ID00458 5.16 12502328 18138
459 ID00459 5.31 12540451 35613
460 ID00460 5.2 11779495 44152
461 ID00461 5.17 5211436 38414
462 ID00462 5.68 4530813 35659
463 ID00463 5.1 4051725 23373
464 ID00464 5.57 3449772 40021
465 ID00465 5.27 3512461 32351
466 ID00466 5.22 3341679 38226
467 ID00467 5.5 2520570 47399
468 ID00468 4.95 2963648 35055
469 ID00469 5.3 2559231 46289
470 ID00470 5.26 2233415 39368
471 ID00471 5.25 2530579 46451
472 ID00472 4.82 1703867 25889
473 ID00473 5.17 970276 28202
474 ID00474 5.67 1142690 25840
475 ID00475 5.44 167474 25397
476 ID00476 5.33 382672 47534
477 ID00477 5.34 228509 45723
478 ID00478 5.07 18138 17094
479 ID00479 4.88 22662 10024
480 ID00480 4.98 49514 10876
481 ID00481 5.25 24917 12743
482 ID00482 5.53 20231 18053
483 ID00483 5.31 28048 15765
484 ID00484 5.37 40454 9633
485 ID00485 5.19 26578 8727
486 ID00486 5.44 43976 11740
487 ID00487 4.9 49659 12873
488 ID00488 5.37 44736 12786
489 ID00489 5.39 42695 12373
490 ID00490 5.04 40186 10543
491 ID00491 5.13 19266 12825
492 ID00492 4.91 23239 11822
493 ID00493 4.89 28202 11182
494 ID00494 5.37 23948 14884
495 ID00495 5.19 41955 10610
496 ID00496 5.06 21003 12263
497 ID00497 5.4 38683 19009
498 ID00498 5.38 47933 16186
499 ID00499 4.28 19762 18225
500 ID00500 5.35 19947 9465
501 ID00501 5.48 38531 11386
502 ID00502 4.73 35126 9050
503 ID00503 5.12 46763 7530
504 ID00504 5.64 36895 16570
505 ID00505 4.64 39422 11232
506 ID00506 5.23 47898 15444
507 ID00507 4.79 49193 11718
508 ID00508 5.16 48318 6847
509 ID00509 4.71 34056 19019
510 ID00510 4.69 46693 18401
511 ID00511 4.7 16914 11246
512 ID00512 5.45 29740 13419
513 ID00513 5.22 37787 16347
514 ID00514 5.09 27202 7846
515 ID00515 5.29 23019 14591
516 ID00516 4.78 34357 12893
517 ID00517 5.25 25627 15183
518 ID00518 5.37 35613 14402
519 ID00519 4.72 36778 15037
520 ID00520 5.75 36443 6949
521 ID00521 5.22 29409 15835
522 ID00522 4.51 50065 10309
523 ID00523 4.9 44349 8172
524 ID00524 5.4 45994 9811
525 ID00525 5.1 48218 11845
526 ID00526 5.29 41895 18558
527 ID00527 4.58 41126 11077
528 ID00528 5.14 44707 9711
529 ID00529 5.24 20893 16671
530 ID00530 5.43 49282 17159
531 ID00531 5.48 30980 8591
532 ID00532 4.72 41409 12396
533 ID00533 5.12 20408 13149
534 ID00534 4.91 43638 10859
535 ID00535 4.69 23369 14839
536 ID00536 5.02 35785 14229
537 ID00537 5.4 36347 13569
538 ID00538 4.65 20375 9085
539 ID00539 5.56 32823 19133
540 ID00540 4.98 24398 18721
541 ID00541 5.11 49413 19034
542 ID00542 4.54 22804 15008
543 ID00543 4.55 30441 7521
544 ID00544 4.94 42615 18372
545 ID00545 5.3 38504 11197
546 ID00546 5.11 39576 13939
547 ID00547 5.17 47025 9567
548 ID00548 4.92 43050 17544
549 ID00549 5.39 27612 8970
550 ID00550 5.38 39640 15733
551 ID00551 5.16 21332 8849
552 ID00552 4.97 29395 17386
553 ID00553 5.32 35740 11287
554 ID00554 5.23 47242 7579
555 ID00555 5.29 33979 15022
556 ID00556 4.99 24553 17928
557 ID00557 5.32 44152 14602
558 ID00558 5.21 16998 12746
559 ID00559 4.82 34342 11889
560 ID00560 5.37 47643 16248
561 ID00561 4.63 34782 18643
562 ID00562 5.33 26832 10655
563 ID00563 4.97 28903 8800
564 ID00564 4.77 33654 15070
565 ID00565 4.93 27995 11136
566 ID00566 5.67 19342 17567
567 ID00567 5.25 21103 9965
568 ID00568 4.41 50440 12698
569 ID00569 5.28 18518 11528
570 ID00570 5.67 40964 12791
571 ID00571 4.87 22858 16454
572 ID00572 5 21651 14836
573 ID00573 4.94 24118 14128
574 ID00574 5.12 22863 8522
575 ID00575 5.18 47060 16166
576 ID00576 5.32 40971 11476
577 ID00577 5.46 41824 8838
578 ID00578 4.74 32535 16854
579 ID00579 4.86 18924 14089
580 ID00580 5.14 48113 14404
581 ID00581 4.9 29249 18748
582 ID00582 4.48 26205 8036
583 ID00583 5.45 20855 11066
584 ID00584 4.65 25175 7483
585 ID00585 4.74 32038 10908
586 ID00586 5.1 19028 17076
587 ID00587 5.89 18962 10966
588 ID00588 5.27 34817 6423
589 ID00589 5.23 47918 8907
590 ID00590 5.22 41418 16264
591 ID00591 4.6 22169 7822
592 ID00592 5.12 40638 8036
593 ID00593 4.71 38414 11290
594 ID00594 4.77 47411 11310
595 ID00595 5.64 34170 17356
596 ID00596 5.34 18843 6917
597 ID00597 5.37 32806 11085
598 ID00598 4.86 32819 17068
599 ID00599 5.11 45778 9772
600 ID00600 5.3 31746 18442
601 ID00601 4.93 29758 14823
602 ID00602 4.88 32095 14215
603 ID00603 5.16 30432 6508
604 ID00604 5.11 34843 11913
605 ID00605 4.91 42684 13410
606 ID00606 5.43 31151 13174
607 ID00607 5.21 37766 7133
608 ID00608 5.92 30838 11534
609 ID00609 5.53 31798 6949
610 ID00610 5.19 39292 12188
611 ID00611 4.79 35659 9074
612 ID00612 5.46 46092 10146
613 ID00613 5.2 45016 10504
614 ID00614 5.56 48408 12518
615 ID00615 5.48 26431 13407
616 ID00616 5.01 31427 16574
617 ID00617 5.36 22943 15854
618 ID00618 5.12 37477 16715
619 ID00619 4.64 45847 10165
620 ID00620 5.44 20421 15749
621 ID00621 5.26 26629 13155
622 ID00622 4.87 29229 13197
623 ID00623 5.06 46026 13806
624 ID00624 5.02 25424 18573
625 ID00625 5.58 23373 10224
626 ID00626 5.36 44840 12903
627 ID00627 5.14 25653 6954
628 ID00628 5.38 23182 14030
629 ID00629 4.36 23290 14359
630 ID00630 5.02 19675 9486
631 ID00631 4.62 36236 12101
632 ID00632 5.53 33250 13550
633 ID00633 5.15 43270 17014
634 ID00634 5.31 41684 14969
635 ID00635 5.19 38198 10443
636 ID00636 5.46 26107 16012
637 ID00637 5.1 44123 7420
638 ID00638 5.08 40021 13426
639 ID00639 5.13 23308 10122
640 ID00640 5.07 26607 9117
641 ID00641 4.56 44114 15514
642 ID00642 5.26 37493 16528
643 ID00643 4.89 40193 6550
644 ID00644 5.41 18502 13476
645 ID00645 5.27 17922 9867
646 ID00646 5.52 29635 8669
647 ID00647 5.02 20961 16701
648 ID00648 5.22 18310 17817
649 ID00649 5.02 48511 12153
650 ID00650 5.55 32351 14129
651 ID00651 4.64 42603 14724
652 ID00652 4.92 38584 15077
653 ID00653 4.78 29447 12573
654 ID00654 5.29 41689 18157
655 ID00655 5.11 45553 13619
656 ID00656 5.33 46484 12094
657 ID00657 5.16 28002 10275
658 ID00658 5.19 47729 14392
659 ID00659 5.13 46038 18150
660 ID00660 5.49 45839 12900
661 ID00661 4.99 38226 9630
662 ID00662 4.52 42133 13155
663 ID00663 5.34 27517 9998
664 ID00664 5.13 36571 9039
665 ID00665 4.9 18987 13525
666 ID00666 5.11 42891 16261
667 ID00667 5.01 44987 10027
668 ID00668 4.94 36587 7425
669 ID00669 5.65 37152 18349
670 ID00670 5.4 46342 10759
671 ID00671 4.94 47399 13219
672 ID00672 5.08 31410 9385
673 ID00673 4.82 32154 16110
674 ID00674 4.97 37086 8949
675 ID00675 4.42 41499 13098
676 ID00676 5.25 33826 11944
677 ID00677 4.79 32354 15221
678 ID00678 5.46 37910 13370
679 ID00679 5.41 24545 11553
680 ID00680 5.32 35055 15717
681 ID00681 5.76 37136 6937
682 ID00682 5.16 34673 16954
683 ID00683 4.94 29629 10556
684 ID00684 5.6 38938 18300
685 ID00685 5.57 43618 13921
686 ID00686 6.32 24977 11885
687 ID00687 5.44 28753 13720
688 ID00688 5.07 39685 18473
689 ID00689 5.2 46289 9399
690 ID00690 4.95 39950 17453
691 ID00691 5.02 38849 14464
692 ID00692 4.77 44311 14266
693 ID00693 5.14 45443 19122
694 ID00694 5.39 39724 6822
695 ID00695 5.36 21001 16790
696 ID00696 4.23 49768 10668
697 ID00697 5.13 44019 9164
698 ID00698 5.39 39368 17800
699 ID00699 4.85 37024 9912
700 ID00700 5.81 36984 18302
701 ID00701 5.77 39617 6802
702 ID00702 5.33 17958 10506
703 ID00703 5.09 42582 11975
704 ID00704 5.21 19276 8558
705 ID00705 5.2 47211 16051
706 ID00706 5.52 46451 9065
707 ID00707 5.02 25656 11960
708 ID00708 4.75 26580 14823
709 ID00709 5 34661 13938
710 ID00710 5.36 23785 9806
711 ID00711 5.26 34041 18972
712 ID00712 4.25 39698 17009
713 ID00713 4.68 31986 17504
714 ID00714 4.86 25889 10017
715 ID00715 4.97 26283 11541
716 ID00716 4.69 20338 15128
717 ID00717 5.45 41970 12400
718 ID00718 5.27 23242 13202
719 ID00719 5.01 28202 15277
720 ID00720 5.1 49386 10760
721 ID00721 5.36 34785 10494
722 ID00722 5.32 21570 11115
723 ID00723 5.15 25840 13712
724 ID00724 4.96 39433 13609
725 ID00725 4.85 26802 16004
726 ID00726 4.55 25397 12354
727 ID00727 4.88 47534 18776
728 ID00728 4.56 45723 8248
729 ID00729 528.35 42967782 397893
730 ID00730 408.08 42904190 456383
731 ID00731 355.91 42950400 399847
732 ID00732 360.95 42965313 275216
733 ID00733 372.07 42931994 367344
734 ID00734 443.09 42928668 265619
735 ID00735 237.88 42945618 211441
736 ID00736 563.82 42934875 176725
737 ID00737 677.33 42919500 387931
738 ID00738 507.37 42905640 196383
739 ID00739 355.4 42915049 225394
740 ID00740 490.96 42897498 333445
741 ID00741 561.18 42908634 289667
742 ID00742 334.96 42917511 222271
743 ID00743 252.86 43001047 165877
744 ID00744 506.85 42978776 408156
745 ID00745 609.16 42885129 403896
746 ID00746 577.85 42956305 444258
747 ID00747 407.07 42945449 348279
748 ID00748 319.36 42908333 468291
749 ID00749 326.46 42898632 166166
750 ID00750 443.13 42962007 209031
751 ID00751 433.59 42922629 207565
752 ID00752 534.17 42920278 378108
753 ID00753 325.41 42938372 312079
754 ID00754 689.97 42884362 297413
755 ID00755 378.8 42905766 444533
756 ID00756 626.23 42959753 397740
757 ID00757 482.94 42975521 177695
758 ID00758 324.7 42934233 462246
759 ID00759 676.09 42946330 169873
760 ID00760 514.28 42940700 439155
761 ID00761 582.52 42921901 424330
762 ID00762 285.09 42942896 231618
763 ID00763 368.84 42976459 265809
764 ID00764 682.17 42941742 230727
765 ID00765 517.89 42929866 383876
766 ID00766 640.29 42917113 326825
767 ID00767 461.81 42984082 315383
768 ID00768 472.82 42933175 180078
769 ID00769 589.24 42947237 358364
770 ID00770 562.8 42952204 274360
771 ID00771 481.25 42933505 205908
772 ID00772 249.5 42913761 226147
773 ID00773 257.27 42981713 447947
774 ID00774 566.24 42985867 223833
775 ID00775 262.39 42933345 262591
776 ID00776 503.89 42946749 449274
777 ID00777 680.2 42891512 429625
778 ID00778 448.55 42951610 301164
779 ID00779 587.88 42965941 312597
780 ID00780 448.7 42971267 186041
781 ID00781 555.81 42965953 204316
782 ID00782 613.61 42910504 162823
783 ID00783 387.17 42932068 340817
784 ID00784 503.92 42914014 368686
785 ID00785 261.66 42949906 192627
786 ID00786 578.69 42904672 162767
787 ID00787 322.27 42946529 290347
788 ID00788 318.59 42903734 439305
789 ID00789 518.21 42943480 179334
790 ID00790 649.97 42909437 386620
791 ID00791 492.55 42953672 306267
792 ID00792 513.86 42935069 358148
793 ID00793 395.19 42975793 443128
794 ID00794 546.07 42954628 299641
795 ID00795 461.36 42957987 212562
796 ID00796 648.5 42912719 355736
797 ID00797 234.7 42918050 377473
798 ID00798 614.96 42977598 237316
799 ID00799 239.94 42967907 412151
800 ID00800 472.84 42963183 310983
801 ID00801 340.6 42952355 376297
802 ID00802 351.22 42936057 410987
803 ID00803 566.8 42974691 276373
804 ID00804 514.54 42931378 234901
805 ID00805 395.35 42979903 181401
806 ID00806 560.49 42903916 438630
807 ID00807 662.32 42956097 303376
808 ID00808 357.29 42952775 316695
809 ID00809 639.81 42946783 292191
810 ID00810 567.83 42967859 365490
811 ID00811 606.77 42907094 380916
812 ID00812 280.05 42968159 252981
813 ID00813 332.84 42963499 276613
814 ID00814 462.36 42948914 386002
815 ID00815 231.32 42943818 400168
816 ID00816 504.31 42917743 288725
817 ID00817 321.87 42930687 351546
818 ID00818 337.1 42931949 259553
819 ID00819 242.45 42960162 236827
820 ID00820 372.57 42991685 443074
821 ID00821 614.03 42905394 390732
822 ID00822 410.17 42974311 457932
823 ID00823 532.79 42918960 468264
824 ID00824 637.5 42961751 335711
825 ID00825 381.57 42937379 398982
826 ID00826 416.88 42947557 290864
827 ID00827 367.12 42917142 398300
828 ID00828 688.47 42934879 172209
829 ID00829 571.24 42927057 457229
830 ID00830 673.44 42969753 233808
831 ID00831 495.03 42938485 173794
832 ID00832 364.37 42966710 339141
833 ID00833 334.97 42946939 289358
834 ID00834 519.17 42908812 425219
835 ID00835 506.54 42909335 162022
836 ID00836 521 42943009 260502
837 ID00837 631.41 42949614 246392
838 ID00838 473.57 42943957 285096
839 ID00839 684.43 42909558 452822
840 ID00840 564.43 42930161 265830
841 ID00841 503.29 42978983 256644
842 ID00842 560.37 42924781 350170
843 ID00843 389.72 42930436 158553
844 ID00844 381.01 42977424 336182
845 ID00845 360.99 42965962 371761
846 ID00846 274.51 42960864 291700
847 ID00847 405.02 42921114 325124
848 ID00848 599.01 42969065 374421
849 ID00849 451.26 42947214 273241
850 ID00850 498.83 42954166 261372
851 ID00851 434.46 42909799 231931
852 ID00852 363.82 42926576 297205
853 ID00853 490.1 42934824 396880
854 ID00854 455.95 42942781 197766
855 ID00855 610.13 42933034 378369
856 ID00856 362.08 42924016 445737
857 ID00857 375.98 43004462 242154
858 ID00858 337.14 42930232 432198
859 ID00859 676.98 42952239 384138
860 ID00860 266.77 42917791 207715
861 ID00861 391.11 43003381 254754
862 ID00862 680.47 42933745 260345
863 ID00863 472.9 42912264 301515
864 ID00864 679.61 42903122 412026
865 ID00865 658.65 42953230 369070
866 ID00866 489.92 42943118 327868
867 ID00867 347.66 42970238 246117
868 ID00868 434.3 42971404 157893
869 ID00869 618.03 42969374 261347
870 ID00870 603.59 42930531 411541
871 ID00871 341.78 42989279 349261
872 ID00872 487.89 42913006 269457
873 ID00873 387.3 42944622 190334
874 ID00874 263.14 42978238 278292
875 ID00875 501.08 42956865 161179
876 ID00876 551.52 42933742 244728
877 ID00877 319.53 42937111 381691
878 ID00878 489.32 42929963 317873
879 ID00879 324.77 42942834 324083
880 ID00880 526.12 42998387 332213
881 ID00881 368.51 42908658 304274
882 ID00882 429.84 42995800 340236
883 ID00883 272.41 42921862 291587
884 ID00884 579.46 42980341 163506
885 ID00885 240.36 42932811 464388
886 ID00886 382.39 42936031 293802
887 ID00887 420.35 42969913 168400
888 ID00888 304.02 42961646 382537
889 ID00889 537.19 42917923 194616
890 ID00890 662.63 42933854 442855
891 ID00891 414 42977335 380092
892 ID00892 262.97 42918023 180271
893 ID00893 652.45 42980960 327867
894 ID00894 374.36 42932880 371460
895 ID00895 680.5 42948119 291560
896 ID00896 571.56 42934194 398436
897 ID00897 547.84 42953757 272562
898 ID00898 262.89 42953478 182522
899 ID00899 481.61 42968115 202626
900 ID00900 576.59 42928266 388560
901 ID00901 664.71 42963900 373091
902 ID00902 622.54 42974036 367197
903 ID00903 311.72 43019864 378944
904 ID00904 409.91 42958668 267819
905 ID00905 335.64 42971017 232656
906 ID00906 641.9 42901470 281306
907 ID00907 233.73 42969274 461191
908 ID00908 422.03 42936980 218626
909 ID00909 448.51 42973821 348060
910 ID00910 359.65 42939040 175277
911 ID00911 526.18 42899317 233811
912 ID00912 602.56 42967824 380172
913 ID00913 394.43 42910359 244182
914 ID00914 492.77 42917568 352063
915 ID00915 663.67 42928919 354088
916 ID00916 298.04 42934407 416922
917 ID00917 299.95 42921440 467568
918 ID00918 262.39 42966134 272790
919 ID00919 677.84 42941051 251704
920 ID00920 310.45 43008649 463585
921 ID00921 329.22 42940560 213893
922 ID00922 413.73 42995321 172560
923 ID00923 453.21 42963903 181776
924 ID00924 564.31 42897216 159995
925 ID00925 467.7 42925018 386135
926 ID00926 500.95 42961463 277911
927 ID00927 231.07 42965172 372441
928 ID00928 411.31 42983260 292782
929 ID00929 443.46 42965385 205379
930 ID00930 568.23 42932976 448521
931 ID00931 432.62 42898856 194876
932 ID00932 280.86 42926670 361608
933 ID00933 526.09 42961261 384625
934 ID00934 665.83 42905711 174748
935 ID00935 590.84 42985028 257275
936 ID00936 282.78 42962499 381029
937 ID00937 348.27 42943662 206779
938 ID00938 384.84 42961341 381513
939 ID00939 364 42986100 216897
940 ID00940 621.94 42951265 448598
941 ID00941 442.05 42931637 320936
942 ID00942 673.65 42917640 177342
943 ID00943 595.1 42939052 192942
944 ID00944 513.54 42975052 425956
945 ID00945 334.17 42979645 189538
946 ID00946 555.29 42940623 266199
947 ID00947 302.58 42929600 349077
948 ID00948 505.12 42979671 444117
949 ID00949 331.15 42950953 405148
950 ID00950 300.77 42959268 327224
951 ID00951 370.83 42973240 231417
952 ID00952 496.4 42910922 269429
953 ID00953 451.62 42946104 298424
954 ID00954 582.34 42941077 387991
955 ID00955 423.09 42920318 269377
956 ID00956 593.06 42950637 389351
957 ID00957 596.96 42937071 371279
958 ID00958 475.92 42945760 178146
959 ID00959 393.26 42970041 434126
960 ID00960 660.2 42956009 408530
961 ID00961 572.31 42918467 407133
962 ID00962 611.43 42980255 423958
963 ID00963 445.53 42948214 181295
964 ID00964 456.91 42977960 387679
965 ID00965 448.08 42946688 267358
966 ID00966 478.67 42960341 444473
967 ID00967 305.2 43005753 468036
968 ID00968 559.9 42961130 245766
969 ID00969 634.32 42926607 203723
970 ID00970 462.16 42920885 299357
971 ID00971 231.74 42940979 414418
972 ID00972 289.3 42965613 369906
973 ID00973 295.61 42985537 333594
974 ID00974 665.83 42939607 411232
975 ID00975 344.22 42979777 163215
976 ID00976 301.84 42972958 214291
977 ID00977 665.72 42902620 298302
978 ID00978 253.32 42915340 183799
979 ID00979 601.87 42933133 242894
980 ID00980 5.55 12464566 50367
981 ID00981 5.55 11940863 41446
982 ID00982 5.55 11520355 23212
983 ID00983 5.21 5702648 38857
984 ID00984 5.72 3996245 47395
985 ID00985 5.34 4009318 45057
986 ID00986 5.51 3633427 28459
987 ID00987 5.21 3337978 28033
988 ID00988 5.44 3416967 22729
989 ID00989 5.14 2497500 46645
990 ID00990 5.39 2559350 36295
991 ID00991 5.77 2814705 32357
992 ID00992 5.5 2578361 18179
993 ID00993 5.36 2792146 40774
994 ID00994 5.34 1629356 45425
995 ID00995 5.08 1417275 47101
996 ID00996 5.61 788738 31642
997 ID00997 5.49 298302 42097
998 ID00998 5.28 183799 33056
999 ID00999 5.44 242894 28345
