0 ID00000 13.41 4222384 8340586
1 ID00001 13.18 4222384 8348774
2 ID00002 13.42 4222384 8320404
3 ID00003 13.69 4222384 8309536
4 ID00004 13.92 4222384 8305654
5 ID00005 13.52 4222384 8334830
6 ID00006 13.23 4222384 8336366
7 ID00007 13.17 4222384 8346164
8 ID00008 13.65 4222384 8337100
9 ID00009 13.78 4222384 8349530
10 ID00010 13.19 4222384 8336132
11 ID00011 13.63 4222384 8357032
12 ID00012 13.71 4222384 8343476
13 ID00013 13.37 4222384 8356604
14 ID00014 13.68 4222384 8317822
15 ID00015 13.46 4222384 8322984
16 ID00016 13.48 4222384 8303360
17 ID00017 13.49 4222384 8318662
18 ID00018 13.52 4222384 8326780
19 ID00019 13.76 4222384 8319816
20 ID00020 13.78 4222384 8337012
21 ID00021 13.55 4222384 8333252
22 ID00022 13.92 4222384 8352150
23 ID00023 13.48 4222384 8314488
24 ID00024 13.81 4222384 8298200
25 ID00025 13.83 4222384 8334404
26 ID00026 13.37 4222384 8294172
27 ID00027 13.41 4222384 8332260
28 ID00028 13.44 4222384 8303278
29 ID00029 14.03 4222384 8336012
30 ID00030 13.31 4222384 8353990
31 ID00031 13.6 4222384 8310946
32 ID00032 13.46 4222384 8327164
33 ID00033 13.76 4222384 8301434
34 ID00034 13.67 4222384 8321294
35 ID00035 13.73 4222384 8319602
36 ID00036 13.53 4222384 8334852
37 ID00037 13.25 4222384 8345148
38 ID00038 13.88 4222384 8316858
39 ID00039 13.64 4222384 8332330
40 ID00040 13.22 4222384 8329568
41 ID00041 14.08 4222384 8343788
42 ID00042 13.57 4222384 8329158
43 ID00043 13.42 4222384 8313944
44 ID00044 13.49 4222384 8316006
45 ID00045 13.48 4222384 8324316
46 ID00046 13.95 4222384 8328158
47 ID00047 13.69 4222384 8322786
48 ID00048 13.81 4222384 8327968
49 ID00049 13.14 4222384 8316852
50 ID00050 13.08 4222384 8326792
51 ID00051 13.73 4222384 8315042
52 ID00052 13.69 4222384 8325916
53 ID00053 13.58 4222384 8298932
54 ID00054 13.47 4222384 8324714
55 ID00055 14.12 4222384 8340728
56 ID00056 13.18 4222384 8334662
57 ID00057 13.46 4222384 8286048
58 ID00058 13.59 4222384 8319356
59 ID00059 13.76 4222384 8354744
60 ID00060 13.64 4222384 8283990
61 ID00061 13.45 4222384 8354680
62 ID00062 13.14 4222384 8326704
63 ID00063 13.75 4222384 8339200
64 ID00064 13.52 4222384 8349216
65 ID00065 13.68 4222384 8326080
66 ID00066 13.61 4222384 8334978
67 ID00067 13.17 4222384 8335490
68 ID00068 14.16 4222384 8302198
69 ID00069 13.85 4222384 8317110
70 ID00070 13.61 4222384 8293866
71 ID00071 13.84 4222384 8354280
72 ID00072 13.92 4222384 8338758
73 ID00073 13.76 4222384 8312206
74 ID00074 13.5 4222384 8375804
75 ID00075 13.64 4222384 8331076
76 ID00076 13.62 4222384 8286136
77 ID00077 13.84 4222384 8300748
78 ID00078 13.8 4222384 8307062
79 ID00079 13.05 4222384 8344946
80 ID00080 13.14 4222384 8313596
81 ID00081 13.76 4222384 8366904
82 ID00082 13.83 4222384 8342380
83 ID00083 13.18 4222384 8307746
84 ID00084 13.55 4222384 8332314
85 ID00085 13.81 4222384 8315210
86 ID00086 13.27 4222384 8302958
87 ID00087 13.22 4222384 8332918
88 ID00088 13.79 4222384 8317022
89 ID00089 13.71 4222384 8321318
90 ID00090 13.37 4222384 8319576
91 ID00091 13.75 4222384 8323748
92 ID00092 13.56 4222384 8359700
93 ID00093 13.29 4222384 8287746
94 ID00094 13.66 4222384 8322570
95 ID00095 13.56 4222384 8342056
96 ID00096 13.49 4222384 8318520
97 ID00097 13.81 4222384 8332666
98 ID00098 13.36 4222384 8319190
99 ID00099 13.46 4222384 8326530
100 ID00100 13.69 4222384 8336630
101 ID00101 13.68 4222384 8314000
102 ID00102 13.72 4222384 8317568
103 ID00103 13.74 4222384 8341302
104 ID00104 13.5 4222384 8318452
105 ID00105 13.87 4222384 8354192
106 ID00106 13.7 4222384 8337764
107 ID00107 13.48 4222384 8326118
108 ID00108 13.56 4222384 8380698
109 ID00109 14.23 4222384 8291482
110 ID00110 13.63 4222384 8331320
111 ID00111 13.95 4222384 8328442
112 ID00112 13.74 4222384 8350592
113 ID00113 13.36 4222384 8345456
114 ID00114 13.31 4222384 8319794
115 ID00115 13.76 4222384 8329472
116 ID00116 13.82 4222384 8311954
117 ID00117 13.38 4222384 8296870
118 ID00118 13.3 4222384 8312590
119 ID00119 13.51 4222384 8334450
120 ID00120 13.53 4222384 8333348
121 ID00121 13.2 4222384 8295576
122 ID00122 13.34 4222384 8333426
123 ID00123 13.31 4222384 8301376
124 ID00124 13.65 4222384 8341942
125 ID00125 13.48 4222384 8318156
126 ID00126 13.61 4222384 8346260
127 ID00127 13.75 4222384 8326340
128 ID00128 13.16 4222384 8314766
129 ID00129 13.47 4222384 8315784
130 ID00130 13.51 4222384 8303536
131 ID00131 13.49 4222384 8285454
132 ID00132 13.68 4222384 8326550
133 ID00133 13.52 4222384 8362706
134 ID00134 13.8 4222384 8331382
135 ID00135 13.33 4222384 8300498
136 ID00136 13.46 4222384 8327452
137 ID00137 13.59 4222384 8344058
138 ID00138 13.5 4222384 8345454
139 ID00139 13.53 4222384 8328182
140 ID00140 13.58 4222384 8325940
141 ID00141 13.46 4222384 8320592
142 ID00142 13.18 4222384 8337200
143 ID00143 13.35 4222384 8322760
144 ID00144 14 4222384 8321430
145 ID00145 13.78 4222384 8330712
146 ID00146 13.52 4222384 8290122
147 ID00147 13.86 4222384 8328290
148 ID00148 13.43 4222384 8327156
149 ID00149 13.48 4222384 8301350
150 ID00150 14.22 4222384 8316840
151 ID00151 13.64 4222384 8303952
152 ID00152 13.83 4222384 8307936
153 ID00153 13.97 4222384 8345682
154 ID00154 13.45 4222384 8312272
155 ID00155 13.46 4222384 8309158
156 ID00156 13.55 4222384 8301668
157 ID00157 13.09 4222384 8317006
158 ID00158 13.82 4222384 8359506
159 ID00159 13.59 4222384 8309778
160 ID00160 13.59 4222384 8321634
161 ID00161 13.42 4222384 8353162
162 ID00162 13.73 4222384 8330592
163 ID00163 13.44 4222384 8316494
164 ID00164 13.62 4222384 8314896
165 ID00165 13.27 4222384 8342202
166 ID00166 10.6 16628636 185006
167 ID00167 10.54 16660116 294048
168 ID00168 10.68 16675870 404861
169 ID00169 10.57 16622264 167143
170 ID00170 10.61 16650190 208540
171 ID00171 10.45 16681336 411220
172 ID00172 10.75 16651346 309902
173 ID00173 10.76 16664184 226253
174 ID00174 10.62 16629234 422982
175 ID00175 10.55 16670062 241130
176 ID00176 10.51 16643242 353791
177 ID00177 10.6 16660180 169434
178 ID00178 10.45 16725794 243286
179 ID00179 10.64 16688084 420761
180 ID00180 10.7 16649984 256131
181 ID00181 10.77 16662662 332721
182 ID00182 10.74 16635502 175508
183 ID00183 10.52 16615872 338859
184 ID00184 10.7 16642070 417853
185 ID00185 10.47 16618158 284847
186 ID00186 10.56 16641970 174330
187 ID00187 10.72 16603230 373949
188 ID00188 10.75 16682510 304176
189 ID00189 10.61 16648242 265950
190 ID00190 10.38 16667464 230312
191 ID00191 10.61 16672926 360749
192 ID00192 10.49 16622196 382258
193 ID00193 10.52 16658350 342138
194 ID00194 10.64 16667076 372162
195 ID00195 10.56 16624914 415928
196 ID00196 10.67 16651880 202518
197 ID00197 10.53 16671846 268983
198 ID00198 10.43 16663890 404338
199 ID00199 10.59 16654884 322721
200 ID00200 10.72 16634604 312894
201 ID00201 10.55 16641484 248879
202 ID00202 10.74 16647734 236721
203 ID00203 10.55 16636316 311617
204 ID00204 10.78 16620388 162026
205 ID00205 10.57 16592502 332178
206 ID00206 10.64 16657432 350025
207 ID00207 10.62 16648642 198617
208 ID00208 10.64 16669416 331645
209 ID00209 10.46 16621944 303602
210 ID00210 10.55 16650172 238594
211 ID00211 10.73 16586624 278173
212 ID00212 10.37 16646898 235518
213 ID00213 10.71 16686846 261536
214 ID00214 10.66 16659798 257801
215 ID00215 10.81 16678684 416303
216 ID00216 10.6 16657428 270221
217 ID00217 10.66 16653482 338707
218 ID00218 10.54 16636208 332099
219 ID00219 10.62 16711502 258350
220 ID00220 10.65 16639780 278272
221 ID00221 10.85 16681142 245752
222 ID00222 10.53 16665378 398177
223 ID00223 10.6 16690588 363970
224 ID00224 10.68 16656820 262467
225 ID00225 10.6 16605984 367381
226 ID00226 10.38 16695178 277188
227 ID00227 10.52 16692478 161063
228 ID00228 10.56 16661020 334073
229 ID00229 10.42 16635606 142580
230 ID00230 10.48 16652530 315690
231 ID00231 10.49 16658636 346183
232 ID00232 10.47 16670570 211357
233 ID00233 10.68 16602878 151370
234 ID00234 10.69 16653894 236119
235 ID00235 10.52 16589360 197920
236 ID00236 10.9 16624382 321173
237 ID00237 10.63 16614754 155482
238 ID00238 10.52 16615112 240647
239 ID00239 10.58 16607890 204862
240 ID00240 10.51 16678644 178005
241 ID00241 10.56 16683552 414355
242 ID00242 10.62 16657834 395907
243 ID00243 10.42 16626872 258298
244 ID00244 10.58 16615536 334579
245 ID00245 10.62 16611174 274844
246 ID00246 10.78 16658328 294908
247 ID00247 10.62 16625096 421943
248 ID00248 10.62 16675484 410908
249 ID00249 10.64 16638946 224841
250 ID00250 10.59 16637012 345858
251 ID00251 10.56 16644014 196541
252 ID00252 10.49 16618836 368689
253 ID00253 10.77 16607432 399676
254 ID00254 10.69 16612432 391445
255 ID00255 10.73 16663820 279426
256 ID00256 10.61 16664274 234890
257 ID00257 10.69 16634146 216931
258 ID00258 10.63 16643350 340683
259 ID00259 10.69 16631930 232717
260 ID00260 10.62 16644060 327988
261 ID00261 10.48 16672142 379599
262 ID00262 10.42 16695278 325611
263 ID00263 10.7 16655408 291049
264 ID00264 10.61 16667016 351085
265 ID00265 10.59 16660300 259993
266 ID00266 10.64 8304786 247012
267 ID00267 10.5 16644142 283126
268 ID00268 10.56 16641014 358529
269 ID00269 10.62 16644560 380057
270 ID00270 10.71 16665006 290281
271 ID00271 10.51 16632680 425480
272 ID00272 10.44 16646756 288376
273 ID00273 10.59 16657208 258721
274 ID00274 10.53 16631234 355837
275 ID00275 10.45 16641808 229383
276 ID00276 10.41 16632154 195481
277 ID00277 10.67 16683382 192368
278 ID00278 10.51 16658168 303030
279 ID00279 10.51 16629826 368751
280 ID00280 10.75 16667568 355437
281 ID00281 10.74 16684012 371375
282 ID00282 10.53 16680630 211402
283 ID00283 10.6 16613312 205251
284 ID00284 10.62 16621354 284637
285 ID00285 10.42 16641132 352649
286 ID00286 10.69 16601782 153788
287 ID00287 10.54 16641562 393537
288 ID00288 10.62 16651824 420563
289 ID00289 10.64 16658496 336570
290 ID00290 10.43 16609802 169750
291 ID00291 10.7 16663244 216334
292 ID00292 10.53 16669238 245945
293 ID00293 10.62 16654938 299349
294 ID00294 10.59 16619614 320943
295 ID00295 10.66 16600972 345564
296 ID00296 10.51 16620120 224324
297 ID00297 10.41 16724618 378049
298 ID00298 10.46 16594068 166020
299 ID00299 10.6 16671552 400505
300 ID00300 10.54 16664810 186817
301 ID00301 10.54 16691800 276339
302 ID00302 10.59 16652818 202760
303 ID00303 10.64 16660076 305868
304 ID00304 10.47 16592310 263798
305 ID00305 10.7 16669392 339225
306 ID00306 10.55 16604166 341015
307 ID00307 10.47 16615088 145288
308 ID00308 10.76 16612484 311886
309 ID00309 10.5 16627068 320242
310 ID00310 10.64 16626014 259692
311 ID00311 10.64 16619328 406633
312 ID00312 10.36 16682704 371274
313 ID00313 10.59 16621790 208403
314 ID00314 10.76 16597116 276372
315 ID00315 10.76 16593468 170215
316 ID00316 10.64 16712588 407566
317 ID00317 10.49 16628328 388905
318 ID00318 10.36 16655264 331566
319 ID00319 10.59 16690024 408094
320 ID00320 10.72 16670656 159566
321 ID00321 10.57 16723190 371900
322 ID00322 10.44 16683058 404600
323 ID00323 10.59 16632328 382254
324 ID00324 10.59 16654512 374291
325 ID00325 10.56 16662772 386425
326 ID00326 10.75 16597354 252386
327 ID00327 10.72 16667984 232000
328 ID00328 10.48 16612124 290862
329 ID00329 10.56 16598848 356347
330 ID00330 10.51 16644372 356882
331 ID00331 10.48 16651490 219812
332 ID00332 10.5 16660616 228051
333 ID00333 10.55 16697492 319627
334 ID00334 10.46 16656810 282511
335 ID00335 10.67 16630446 294150
336 ID00336 10.57 16693554 294544
337 ID00337 10.61 8293670 279724
338 ID00338 10.63 16594196 296091
339 ID00339 10.55 16675676 405002
340 ID00340 10.66 16621686 400638
341 ID00341 10.44 16617122 205957
342 ID00342 10.62 16629868 314310
343 ID00343 10.72 16634250 168441
344 ID00344 10.82 16641270 232001
345 ID00345 10.53 16632516 229579
346 ID00346 10.71 16664576 346796
347 ID00347 10.47 16652998 190537
348 ID00348 10.64 16652510 261154
349 ID00349 10.6 16672944 282387
350 ID00350 10.43 16644602 286315
351 ID00351 10.61 16692270 174875
352 ID00352 10.57 16627902 247083
353 ID00353 10.61 16677452 220367
354 ID00354 10.58 16672928 219823
355 ID00355 10.55 16635504 370038
356 ID00356 10.5 16612964 217851
357 ID00357 10.55 16685644 336235
358 ID00358 10.5 16678536 257449
359 ID00359 10.47 16645476 339160
360 ID00360 10.57 16641204 347820
361 ID00361 10.54 16680852 281935
362 ID00362 10.51 16682990 314455
363 ID00363 10.41 16649052 226425
364 ID00364 10.43 16687290 233662
365 ID00365 10.51 16667254 364041
366 ID00366 10.78 16672924 397892
367 ID00367 10.58 16690402 415814
368 ID00368 10.62 16692966 282516
369 ID00369 10.46 16599152 205585
370 ID00370 10.58 16609972 408020
371 ID00371 10.66 16592962 186801
372 ID00372 10.55 16649782 410377
373 ID00373 10.53 16659278 195162
374 ID00374 10.67 16619144 195067
375 ID00375 10.48 16715306 199898
376 ID00376 10.63 16641634 291819
377 ID00377 10.78 16627186 251406
378 ID00378 10.51 16631560 182119
379 ID00379 10.53 16652204 382421
380 ID00380 10.5 16648526 337564
381 ID00381 10.43 16651292 226183
382 ID00382 10.44 16626346 416294
383 ID00383 10.62 16718652 310949
384 ID00384 10.6 16670114 290463
385 ID00385 10.54 16674330 293660
386 ID00386 10.52 16683434 387756
387 ID00387 10.77 16665638 272341
388 ID00388 10.73 16613254 252381
389 ID00389 10.51 16688754 397003
390 ID00390 10.6 16666888 191368
391 ID00391 10.54 16629556 349056
392 ID00392 10.38 16647268 389877
393 ID00393 10.76 16658410 198955
394 ID00394 10.62 16583312 228538
395 ID00395 10.52 16618764 280572
396 ID00396 10.48 16651368 334503
397 ID00397 10.62 16676118 242413
398 ID00398 10.61 16656326 304739
399 ID00399 10.66 16633994 414803
400 ID00400 10.5 16609076 419661
401 ID00401 10.66 16660016 357516
402 ID00402 10.66 16651514 421193
403 ID00403 10.66 16624368 379154
404 ID00404 10.4 16645808 278829
405 ID00405 10.59 16629658 364819
406 ID00406 10.56 16658272 381151
407 ID00407 10.45 16635404 178514
408 ID00408 10.6 16632194 256323
409 ID00409 10.8 16603288 258410
410 ID00410 10.67 16619004 317816
411 ID00411 10.58 16689520 180020
412 ID00412 10.59 16610250 315726
413 ID00413 10.7 16621730 323515
414 ID00414 10.55 16628358 319528
415 ID00415 10.71 16636340 318490
416 ID00416 10.64 16682914 400633
417 ID00417 10.41 16648952 275494
418 ID00418 10.58 16623202 408570
419 ID00419 10.48 16654836 301867
420 ID00420 10.64 16602838 169316
421 ID00421 10.52 16602756 341713
422 ID00422 10.53 16650908 290207
423 ID00423 10.72 16639342 349830
424 ID00424 10.64 16674286 149084
425 ID00425 10.63 16671582 149871
426 ID00426 10.74 16709422 152792
427 ID00427 10.7 16668190 188622
428 ID00428 10.72 16612264 355096
429 ID00429 10.48 16636994 386512
430 ID00430 10.73 16671922 154917
431 ID00431 10.68 16670300 346365
432 ID00432 10.36 16621386 241973
433 ID00433 10.5 16589826 171437
434 ID00434 10.52 16636890 290293
435 ID00435 10.43 16712498 394548
436 ID00436 10.54 16673088 307949
437 ID00437 10.6 16607018 188423
438 ID00438 10.54 16672694 294088
439 ID00439 10.68 16691266 240659
440 ID00440 10.74 16661002 313355
441 ID00441 10.68 16597192 423044
442 ID00442 10.6 16655112 211961
443 ID00443 10.73 16618352 367753
444 ID00444 10.68 16658626 247316
445 ID00445 10.59 16683936 307248
446 ID00446 10.71 16615838 246664
447 ID00447 10.67 16653064 393385
448 ID00448 10.5 16631022 273135
449 ID00449 10.48 16675638 405867
450 ID00450 10.53 16686310 180070
451 ID00451 10.67 16628920 241518
452 ID00452 10.47 16663800 359017
453 ID00453 10.55 16628728 198483
454 ID00454 10.6 16671902 332441
455 ID00455 10.61 16708060 171856
456 ID00456 10.69 16705358 425299
457 ID00457 10.6 16612468 311464
458 ID00458 10.55 16637710 214096
459 ID00459 10.67 16639836 151752
460 ID00460 10.55 16629814 336310
461 ID00461 10.68 16617976 262738
462 ID00462 10.43 16596034 270872
463 ID00463 10.53 16637052 200710
464 ID00464 10.63 16649446 362929
465 ID00465 10.62 16632504 284384
466 ID00466 10.55 16626050 381890
467 ID00467 10.67 16700838 212185
468 ID00468 10.59 16631690 260660
469 ID00469 10.48 16662956 384880
470 ID00470 10.75 16613136 193101
471 ID00471 10.62 16673630 185320
472 ID00472 10.67 16643790 275736
473 ID00473 10.58 16606348 424868
474 ID00474 10.52 16719824 288840
475 ID00475 10.73 16638222 407344
476 ID00476 10.59 16652776 201595
477 ID00477 10.6 16650606 171936
478 ID00478 10.75 16629044 374461
479 ID00479 10.48 16672622 271425
480 ID00480 10.42 16640850 338501
481 ID00481 10.59 16673196 261023
482 ID00482 10.57 16616708 307827
483 ID00483 10.62 16579616 151983
484 ID00484 10.57 16654430 320871
485 ID00485 10.89 16616998 412925
486 ID00486 10.81 16597294 417264
487 ID00487 10.47 16584332 310696
488 ID00488 10.68 16624812 188211
489 ID00489 10.69 16613302 191792
490 ID00490 10.68 16725656 390066
491 ID00491 10.57 16715988 241139
492 ID00492 10.58 16642180 147210
493 ID00493 10.59 16645472 161359
494 ID00494 10.66 16689618 223226
495 ID00495 10.49 16666062 357134
496 ID00496 10.54 16652302 352675
497 ID00497 10.46 16696502 239326
498 ID00498 10.62 16671036 327525
499 ID00499 10.52 16681536 361041
500 ID00500 10.42 16675144 338725
501 ID00501 10.6 16671014 267922
502 ID00502 10.59 16615648 338479
503 ID00503 10.68 16592918 171867
504 ID00504 10.61 16624292 401479
505 ID00505 10.62 16671766 353612
506 ID00506 10.63 16677068 343446
507 ID00507 10.61 16640662 356341
508 ID00508 10.8 16612630 265811
509 ID00509 10.43 16619820 206984
510 ID00510 10.67 16652260 278759
511 ID00511 10.57 16692376 302324
512 ID00512 10.47 16620474 206194
513 ID00513 10.66 16644512 234841
514 ID00514 10.71 16672072 188736
515 ID00515 10.54 16652214 352151
516 ID00516 10.62 16628736 171787
517 ID00517 10.55 16660092 178273
518 ID00518 10.52 16626940 254216
519 ID00519 10.58 16661570 362002
520 ID00520 10.64 16607604 344971
521 ID00521 10.66 16613428 222650
522 ID00522 10.62 16689216 313849
523 ID00523 10.59 16620536 230878
524 ID00524 10.52 16634390 195767
525 ID00525 10.58 16648554 282761
526 ID00526 10.58 16589710 193119
527 ID00527 10.67 16676650 234852
528 ID00528 10.65 16705380 210849
529 ID00529 10.58 16585324 381732
530 ID00530 10.6 16643768 259597
531 ID00531 10.69 16596072 371883
532 ID00532 10.5 16630000 387217
533 ID00533 10.61 16594432 247764
534 ID00534 10.52 16639224 365825
535 ID00535 10.55 16639052 145682
536 ID00536 10.57 16696652 394887
537 ID00537 10.44 16638378 297380
538 ID00538 10.57 16624302 258896
539 ID00539 10.66 16639636 316070
540 ID00540 10.57 16586300 348782
541 ID00541 10.55 16680216 247317
542 ID00542 10.78 16647966 277486
543 ID00543 10.62 16626124 291871
544 ID00544 10.6 16645292 360325
545 ID00545 10.69 16701446 422106
546 ID00546 10.57 16672804 285066
547 ID00547 10.68 16694898 156774
548 ID00548 10.59 16680348 274250
549 ID00549 10.62 16643028 389573
550 ID00550 10.67 16648652 202574
551 ID00551 10.7 16615702 167541
552 ID00552 10.57 16649536 390267
553 ID00553 10.6 16636970 312357
554 ID00554 10.49 16652306 148703
555 ID00555 10.58 16643984 291534
556 ID00556 10.44 16652924 311112
557 ID00557 10.59 16640918 408263
558 ID00558 10.75 16663916 351077
559 ID00559 10.62 16651628 262939
560 ID00560 10.41 16616158 327227
561 ID00561 10.5 16676432 386770
562 ID00562 10.74 16645816 396951
563 ID00563 10.71 16623696 174352
564 ID00564 10.46 16662322 197914
565 ID00565 10.65 16621748 209923
566 ID00566 10.5 16642158 160302
567 ID00567 10.71 16652876 293400
568 ID00568 10.71 16608840 212766
569 ID00569 10.57 16651178 214203
570 ID00570 10.57 16639464 369249
571 ID00571 10.65 16606966 300330
572 ID00572 10.64 16646216 389018
573 ID00573 10.56 16656346 407421
574 ID00574 10.57 16631224 255957
575 ID00575 10.71 16666280 371814
576 ID00576 10.75 16664048 169781
577 ID00577 10.51 16612366 418864
578 ID00578 10.64 16648854 218950
579 ID00579 10.66 16643680 168960
580 ID00580 10.71 16602808 398286
581 ID00581 10.66 16660064 297897
582 ID00582 10.37 16629582 306362
583 ID00583 10.82 16697592 194480
584 ID00584 10.67 16663154 280802
585 ID00585 10.6 16692830 359455
586 ID00586 10.59 16669994 319191
587 ID00587 10.71 16645192 415963
588 ID00588 10.4 16699686 168493
589 ID00589 10.47 16645232 347347
590 ID00590 10.64 16624814 294008
591 ID00591 10.5 16678110 271455
592 ID00592 10.63 16656694 173078
593 ID00593 10.59 16672654 309301
594 ID00594 10.53 16641920 275705
595 ID00595 10.62 16672224 309551
596 ID00596 10.5 16616232 192458
597 ID00597 10.58 16618904 235276
598 ID00598 10.47 16699854 337584
599 ID00599 10.64 16650436 196375
600 ID00600 10.41 16594696 265160
601 ID00601 10.59 16677124 306657
602 ID00602 10.48 16600250 299448
603 ID00603 10.56 16595688 276359
604 ID00604 10.49 16627306 289348
605 ID00605 10.63 16623276 344334
606 ID00606 10.54 16693500 307568
607 ID00607 10.49 16616726 310558
608 ID00608 10.6 16649266 159781
609 ID00609 10.52 16651332 218534
610 ID00610 10.57 16623400 297842
611 ID00611 10.64 16636692 393231
612 ID00612 10.6 16649142 175491
613 ID00613 10.68 16616126 307795
614 ID00614 10.66 16602526 256476
615 ID00615 10.7 16664176 243158
616 ID00616 10.55 16662484 374602
617 ID00617 10.45 16627820 404033
618 ID00618 10.57 16661494 390775
619 ID00619 10.59 16596094 325571
620 ID00620 10.62 16631552 374214
621 ID00621 10.46 16616044 184051
622 ID00622 10.67 16660140 356630
623 ID00623 10.65 16618656 387934
624 ID00624 10.7 16633832 243761
625 ID00625 10.64 16670196 143486
626 ID00626 10.58 16664594 297091
627 ID00627 10.55 16639846 214406
628 ID00628 10.65 16640212 242834
629 ID00629 10.63 16621226 274827
630 ID00630 10.58 16633698 290738
631 ID00631 10.48 16659114 258444
632 ID00632 10.56 16683140 202873
633 ID00633 10.55 16691876 332143
634 ID00634 10.6 16611508 333143
635 ID00635 10.61 16718710 196294
636 ID00636 10.6 16636874 417018
637 ID00637 10.54 16649486 312063
638 ID00638 10.54 16646240 192805
639 ID00639 10.5 16599434 260433
640 ID00640 10.61 16656432 270949
641 ID00641 10.68 16644572 315435
642 ID00642 10.66 16652758 290191
643 ID00643 10.61 16607974 321761
644 ID00644 10.54 16638720 349249
645 ID00645 10.6 16660058 177076
646 ID00646 10.6 16678198 260553
647 ID00647 10.56 16671892 198635
648 ID00648 10.63 16662416 238934
649 ID00649 10.49 16586268 424875
650 ID00650 10.69 16699978 420903
651 ID00651 10.63 16600482 280457
652 ID00652 10.72 16642394 269010
653 ID00653 10.59 16636530 317075
654 ID00654 10.46 16598466 317979
655 ID00655 10.61 16686316 336422
656 ID00656 10.54 16658824 260091
657 ID00657 10.42 16649740 308776
658 ID00658 10.6 16627098 336569
659 ID00659 10.61 16619476 387363
660 ID00660 10.52 16652476 298149
661 ID00661 10.42 16664266 215969
662 ID00662 10.49 16625008 264050
663 ID00663 10.67 16641014 378625
664 ID00664 10.55 16723236 212919
665 ID00665 10.73 16708594 301199
666 ID00666 10.62 16677228 149687
667 ID00667 10.55 16629280 249170
668 ID00668 10.67 16646788 343853
669 ID00669 10.73 16633722 291966
670 ID00670 10.45 16648840 299689
671 ID00671 10.4 16643632 243558
672 ID00672 10.38 16638896 285184
673 ID00673 10.36 16652180 374826
674 ID00674 10.5 16685646 328481
675 ID00675 10.55 16634074 301718
676 ID00676 10.54 16627288 157291
677 ID00677 10.57 16660218 215003
678 ID00678 10.6 16677310 253709
679 ID00679 10.58 16627626 167349
680 ID00680 10.61 16595488 261132
681 ID00681 10.67 16640330 301884
682 ID00682 10.4 16653096 374263
683 ID00683 10.4 16673726 336653
684 ID00684 10.71 16635328 303135
685 ID00685 10.5 8341170 342566
686 ID00686 10.49 16627616 357667
687 ID00687 10.48 16640928 222320
688 ID00688 10.51 16628768 280162
689 ID00689 10.54 16628052 299458
690 ID00690 10.75 16641850 237694
691 ID00691 10.56 16677338 387875
692 ID00692 10.53 16639618 158048
693 ID00693 10.63 16701832 240371
694 ID00694 10.8 16634998 245423
695 ID00695 10.67 16681336 286100
696 ID00696 10.51 16669810 196874
697 ID00697 10.48 16621356 310382
698 ID00698 10.77 16650132 361196
699 ID00699 10.59 16689634 404855
700 ID00700 10.55 16644446 394595
701 ID00701 10.61 16670506 306375
702 ID00702 10.56 16659570 155159
703 ID00703 10.62 16678742 303007
704 ID00704 10.53 16663528 255535
705 ID00705 10.62 16644694 288482
706 ID00706 10.59 16618282 349828
707 ID00707 10.73 16599242 313239
708 ID00708 10.6 16643832 278834
709 ID00709 10.75 16673164 211157
710 ID00710 10.52 16687528 299828
711 ID00711 10.61 16601088 218192
712 ID00712 10.54 16653780 272026
713 ID00713 10.56 16633500 293422
714 ID00714 10.82 16661772 202733
715 ID00715 10.4 16688032 161266
716 ID00716 10.47 16649330 312065
717 ID00717 10.53 16665272 183144
718 ID00718 10.62 16646852 173483
719 ID00719 10.61 16616576 148710
720 ID00720 10.56 16635726 366177
721 ID00721 10.53 16584070 320732
722 ID00722 10.58 16609758 241017
723 ID00723 10.53 16659204 319450
724 ID00724 10.55 16633578 176325
725 ID00725 10.62 16623976 215128
726 ID00726 10.52 16643790 156199
727 ID00727 10.51 16555082 386341
728 ID00728 10.72 16667640 169643
729 ID00729 10.66 16649600 345660
730 ID00730 10.72 16647480 283116
731 ID00731 10.67 16648062 380242
732 ID00732 10.77 16639908 257274
733 ID00733 10.64 16689584 237974
734 ID00734 10.67 16653642 360125
735 ID00735 10.6 16622690 356420
736 ID00736 10.7 16636306 252152
737 ID00737 10.71 16634068 383223
738 ID00738 10.61 16574946 368308
739 ID00739 10.62 16622696 389799
740 ID00740 10.45 16675130 409162
741 ID00741 10.8 16665184 392716
742 ID00742 10.69 16637508 225433
743 ID00743 10.53 16637082 308298
744 ID00744 10.59 16655296 335692
745 ID00745 10.61 16626048 301158
746 ID00746 10.71 16663890 358014
747 ID00747 10.84 16653922 274453
748 ID00748 10.64 16593480 307959
749 ID00749 10.64 16648730 295662
750 ID00750 10.56 16636520 257607
751 ID00751 10.66 16630162 395477
752 ID00752 10.77 16612834 229998
753 ID00753 10.61 16621958 422378
754 ID00754 10.58 16634514 376003
755 ID00755 10.69 16615584 349439
756 ID00756 10.53 16624502 305879
757 ID00757 10.38 16680768 391440
758 ID00758 10.42 16650138 185077
759 ID00759 10.55 16692136 225669
760 ID00760 10.62 16692394 403646
761 ID00761 10.58 16672698 304773
762 ID00762 10.45 16706140 179089
763 ID00763 10.49 16672834 336977
764 ID00764 10.73 16674942 262160
765 ID00765 10.5 16682484 272171
766 ID00766 10.83 16640556 235401
767 ID00767 10.57 16660844 313222
768 ID00768 10.69 16642346 411223
769 ID00769 10.5 16613050 351509
770 ID00770 10.51 16652786 164320
771 ID00771 10.66 16697694 390862
772 ID00772 10.47 16668214 189792
773 ID00773 10.54 16626596 288838
774 ID00774 10.57 16644506 214966
775 ID00775 10.7 16698986 162158
776 ID00776 10.62 16625654 278691
777 ID00777 10.66 16648730 387486
778 ID00778 10.35 16640772 304180
779 ID00779 10.48 16689550 237621
780 ID00780 10.63 16676802 169412
781 ID00781 10.68 16688686 149852
782 ID00782 10.53 16683120 344019
783 ID00783 10.65 16652932 343949
784 ID00784 10.54 16666414 239450
785 ID00785 10.3 16613522 257189
786 ID00786 10.56 16623760 409375
787 ID00787 10.53 16606878 266762
788 ID00788 10.53 16646496 270718
789 ID00789 10.46 16718204 158617
790 ID00790 10.62 16672178 349271
791 ID00791 10.68 16678426 385509
792 ID00792 10.54 16665866 266919
793 ID00793 10.55 16612086 379053
794 ID00794 10.51 16690362 270367
795 ID00795 10.68 16670816 318799
796 ID00796 10.53 16655518 337559
797 ID00797 10.42 16682882 163360
798 ID00798 10.64 16680608 287590
799 ID00799 10.48 16599518 220743
800 ID00800 10.43 16646406 404378
801 ID00801 10.6 16616390 302990
802 ID00802 10.74 16684984 247098
803 ID00803 10.73 16661288 217384
804 ID00804 10.48 16689902 300293
805 ID00805 10.66 16643086 381614
806 ID00806 10.75 16662646 253420
807 ID00807 10.48 16667828 240542
808 ID00808 10.42 16610210 267363
809 ID00809 10.7 16652400 342941
810 ID00810 10.71 16701140 387189
811 ID00811 10.57 16660332 206289
812 ID00812 10.62 16664898 182606
813 ID00813 10.75 16617648 396660
814 ID00814 10.6 16644704 413286
815 ID00815 10.53 16699188 174511
816 ID00816 10.53 16611912 363629
817 ID00817 10.55 16700448 172831
818 ID00818 10.37 16640338 202862
819 ID00819 10.67 16648978 147367
820 ID00820 10.63 16618040 273359
821 ID00821 10.53 16671544 196072
822 ID00822 10.57 16611742 346222
823 ID00823 10.62 16672446 206525
824 ID00824 10.5 16652820 317366
825 ID00825 10.6 16694716 158121
826 ID00826 10.56 16674710 246887
827 ID00827 10.61 16684028 292138
828 ID00828 52.96 203053 138988
829 ID00829 89.12 166802 8827
830 ID00830 10.53 8300607 8291780
831 ID00831 10.59 8319149 8310322
832 ID00832 10.53 8300937 8292110
833 ID00833 10.58 8355407 8346580
834 ID00834 10.77 8321681 8312854
835 ID00835 10.71 8339273 8330446
836 ID00836 10.47 8343633 8334806
837 ID00837 10.67 8330673 8321846
838 ID00838 10.56 8331319 8322492
839 ID00839 10.73 8324723 8315896
840 ID00840 10.86 8328953 8320126
841 ID00841 10.8 8316165 8307338
842 ID00842 10.51 8292999 8284172
843 ID00843 10.67 8325493 8316666
844 ID00844 10.84 8323339 8314512
845 ID00845 10.79 8375289 8366462
846 ID00846 11.12 8324275 8315448
847 ID00847 10.46 8345733 8336906
848 ID00848 10.61 8331415 8322588
849 ID00849 10.56 8313707 8304880
850 ID00850 10.88 8364575 8355748
851 ID00851 10.41 8328375 8319548
852 ID00852 10.9 8341215 8332388
853 ID00853 10.8 8290971 8282144
854 ID00854 10.47 8298617 8289790
855 ID00855 10.97 8315543 8306716
856 ID00856 10.87 8350697 8341870
857 ID00857 10.37 8289315 8280488
858 ID00858 10.55 8346939 8338112
859 ID00859 10.82 8288453 8279626
860 ID00860 10.8 8305531 8296704
861 ID00861 10.57 8352053 8343226
862 ID00862 10.45 8360211 8351384
863 ID00863 10.73 8354773 8345946
864 ID00864 10.83 8358269 8349442
865 ID00865 10.52 8335503 8326676
866 ID00866 10.72 8366913 8358086
867 ID00867 10.97 8315725 8306898
868 ID00868 10.62 8366013 8357186
869 ID00869 10.79 8285221 8276394
870 ID00870 10.9 8325303 8316476
871 ID00871 10.57 8335921 8327094
872 ID00872 10.45 8305373 8296546
873 ID00873 10.63 8355505 8346678
874 ID00874 10.98 8346477 8337650
875 ID00875 10.72 8331689 8322862
876 ID00876 10.73 8328863 8320036
877 ID00877 10.69 8339601 8330774
878 ID00878 10.72 8355573 8346746
879 ID00879 10.67 8308069 8299242
880 ID00880 10.71 8360919 8352092
881 ID00881 10.76 8284865 8276038
882 ID00882 10.54 8329837 8321010
883 ID00883 10.7 8343711 8334884
884 ID00884 10.9 8336017 8327190
885 ID00885 11.05 8353793 8344966
886 ID00886 10.76 8329315 8320488
887 ID00887 10.68 8318615 8309788
888 ID00888 10.62 8302445 8293618
889 ID00889 10.29 8289449 8280622
890 ID00890 10.63 8342985 8334158
891 ID00891 10.55 8334263 8325436
892 ID00892 10.87 8316631 8307804
893 ID00893 10.6 8330165 8321338
894 ID00894 11.12 8367243 8358416
895 ID00895 10.97 8364029 8355202
896 ID00896 10.93 8353529 8344702
897 ID00897 10.93 8328241 8319414
898 ID00898 10.61 8334705 8325878
899 ID00899 11.12 8297379 8288552
900 ID00900 10.94 8278255 8269428
901 ID00901 10.62 8344793 8335966
902 ID00902 10.56 8313649 8304822
903 ID00903 10.71 8333349 8324522
904 ID00904 10.6 8323693 8314866
905 ID00905 10.8 8314431 8305604
906 ID00906 10.87 8336839 8328012
907 ID00907 10.69 8314365 8305538
908 ID00908 10.59 8288881 8280054
909 ID00909 10.9 8336123 8327296
910 ID00910 10.67 8303057 8294230
911 ID00911 10.81 8333257 8324430
912 ID00912 10.98 8339739 8330912
913 ID00913 10.67 8312051 8303224
914 ID00914 10.43 8387109 8378282
915 ID00915 11.21 8343395 8334568
916 ID00916 10.68 8324335 8315508
917 ID00917 10.92 8333541 8324714
918 ID00918 10.73 8350265 8341438
919 ID00919 10.63 8346987 8338160
920 ID00920 10.74 8331081 8322254
921 ID00921 10.9 8323229 8314402
922 ID00922 10.64 8331555 8322728
923 ID00923 10.8 8326593 8317766
924 ID00924 10.83 8341801 8332974
925 ID00925 10.76 8317637 8308810
926 ID00926 10.89 8317283 8308456
927 ID00927 11.03 8322275 8313448
928 ID00928 10.86 8333575 8324748
929 ID00929 10.66 8323471 8314644
930 ID00930 10.86 8313697 8304870
931 ID00931 10.84 8325651 8316824
932 ID00932 10.95 8315801 8306974
933 ID00933 10.73 8321733 8312906
934 ID00934 10.76 8337451 8328624
935 ID00935 10.95 8346053 8337226
936 ID00936 10.8 8343989 8335162
937 ID00937 10.69 8312357 8303530
938 ID00938 10.74 8350679 8341852
939 ID00939 10.77 8347337 8338510
940 ID00940 10.82 8331835 8323008
941 ID00941 10.69 8341953 8333126
942 ID00942 10.89 8297701 8288874
943 ID00943 10.62 8359901 8351074
944 ID00944 10.74 8376739 8367912
945 ID00945 10.8 8371799 8362972
946 ID00946 10.48 8342951 8334124
947 ID00947 10.98 8330303 8321476
948 ID00948 10.62 8349727 8340900
949 ID00949 10.85 8321889 8313062
950 ID00950 10.69 8351487 8342660
951 ID00951 10.73 8348393 8339566
952 ID00952 11 8288519 8279692
953 ID00953 10.48 8311509 8302682
954 ID00954 10.61 8340569 8331742
955 ID00955 11.05 8344731 8335904
956 ID00956 10.92 8373937 8365110
957 ID00957 10.71 8308137 8299310
958 ID00958 10.79 8312569 8303742
959 ID00959 10.84 8316071 8307244
960 ID00960 10.77 8310721 8301894
961 ID00961 10.79 8302697 8293870
962 ID00962 10.52 8344831 8336004
963 ID00963 10.9 8324225 8315398
964 ID00964 10.65 8338215 8329388
965 ID00965 10.89 8349561 8340734
966 ID00966 10.73 8352107 8343280
967 ID00967 10.88 8323011 8314184
968 ID00968 10.9 8341805 8332978
969 ID00969 10.93 8366019 8357192
970 ID00970 10.85 8364887 8356060
971 ID00971 10.83 8333073 8324246
972 ID00972 10.23 8309609 8300782
973 ID00973 10.97 8336829 8328002
974 ID00974 10.59 8345863 8337036
975 ID00975 10.42 8364803 8355976
976 ID00976 10.82 8331419 8322592
977 ID00977 10.56 8308841 8300014
978 ID00978 10.82 8326351 8317524
979 ID00979 10.82 8313989 8305162
980 ID00980 10.82 8346985 8338158
981 ID00981 10.68 8328267 8319440
982 ID00982 10.49 8336577 8327750
983 ID00983 10.83 8343981 8335154
984 ID00984 10.89 8351369 8342542
985 ID00985 10.89 8331463 8322636
986 ID00986 10.96 8335155 8326328
987 ID00987 10.5 8331739 8322912
988 ID00988 10.89 8320521 8311694
989 ID00989 10.67 8302697 8293870
990 ID00990 10.75 8345447 8336620
991 ID00991 10.54 8332733 8323906
992 ID00992 10.7 8333833 8325006
993 ID00993 10.71 8289149 8280322
994 ID00994 10.69 8348573 8339746
995 ID00995 10.56 8324507 8315680
996 ID00996 65.91 1381526658 67432
997 ID00997 99.53 67736 609538992
998 ID00998 22.25 609538992 12195658
999 ID00999 2.52 12195658 1422913
