0 scan57 5400 102400 512000
1 scan76 5400 102400 512000
2 scan109 5400 102400 512000
3 scan58 5400 102400 512000
4 scan77 5400 102400 512000
5 scan250 5400 102400 512000
6 scan225 5400 102400 512000
7 scan59 5400 102400 512000
8 scan78 5400 102400 512000
9 scan383 5400 102400 512000
10 scan486 5400 102400 512000
11 scan60 5400 102400 512000
12 scan79 5400 102400 512000
13 scan111 5400 102400 512000
14 scan350 5400 102400 512000
15 scan229 5400 102400 512000
16 scan80 5400 102400 512000
17 scan62 5400 102400 512000
18 scan343 5400 102400 512000
19 scan110 5400 102400 512000
20 scan176 5400 102400 512000
21 scan63 5400 102400 512000
22 scan82 5400 102400 512000
23 scan15 5400 102400 512000
24 scan98 5400 102400 512000
25 scan83 5400 102400 512000
26 scan100 5400 102400 512000
27 scan233 5400 102400 512000
28 scan84 5400 102400 512000
29 scan107 5400 102400 512000
30 scan234 5400 102400 512000
31 scan498 5400 102400 512000
32 scan85 5400 102400 512000
33 scan17 5400 102400 512000
34 scan482 5400 102400 512000
35 scan382 5400 102400 512000
36 scan97 5400 102400 512000
37 scan351 5400 102400 512000
38 scan106 5400 102400 512000
39 scan68 5400 102400 512000
40 scan87 5400 102400 512000
41 scan105 5400 102400 512000
42 scan237 5400 102400 512000
43 scan488 5400 102400 512000
44 scan494 5400 102400 512000
45 scan88 5400 102400 512000
46 scan477 5400 102400 512000
47 scan472 5400 102400 512000
48 scan67 5400 102400 512000
49 scan96 5400 102400 512000
50 scan89 5400 102400 512000
51 scan252 5400 102400 512000
52 scan227 5400 102400 512000
53 scan239 5400 102400 512000
54 scan90 5400 102400 512000
55 scan103 5400 102400 512000
56 scan72 5400 102400 512000
57 scan91 5400 102400 512000
58 scan478 5400 102400 512000
59 scan112 5400 102400 512000
60 scan352 5400 102400 512000
61 scan73 5400 102400 512000
62 scan102 5400 102400 512000
63 scan74 5400 102400 512000
64 scan93 5400 102400 512000
65 scan101 5400 102400 512000
66 scan243 5400 102400 512000
67 scan94 5400 102400 512000
68 scan169 5400 102400 512000
69 scan493 5400 102400 512000
70 scan132 5400 102400 512000
71 scan319 5400 102400 512000
72 scan228 5400 102400 512000
73 scan170 5400 102400 512000
74 scan309 5400 102400 512000
75 scan133 5400 102400 512000
76 scan320 5400 102400 512000
77 scan171 5400 102400 512000
78 scan134 5400 102400 512000
79 scan321 5400 102400 512000
80 scan384 5400 102400 512000
81 scan172 5400 102400 512000
82 scan353 5400 102400 512000
83 scan135 5400 102400 512000
84 scan322 5400 102400 512000
85 scan173 5400 102400 512000
86 scan136 5400 102400 512000
87 scan323 5400 102400 512000
88 scan174 5400 102400 512000
89 scan137 5400 102400 512000
90 scan324 5400 102400 512000
91 scan175 5400 102400 512000
92 scan138 5400 102400 512000
93 scan489 5400 102400 512000
94 scan325 5400 102400 512000
95 scan310 5400 102400 512000
96 scan19 5400 102400 512000
97 scan139 5400 102400 512000
98 scan326 5400 102400 512000
99 scan177 5400 102400 512000
100 scan140 5400 102400 512000
101 scan327 5400 102400 512000
102 scan354 5400 102400 512000
103 scan178 5400 102400 512000
104 scan385 5400 102400 512000
105 scan141 5400 102400 512000
106 scan328 5400 102400 512000
107 scan179 5400 102400 512000
108 scan142 5400 102400 512000
109 scan329 5400 102400 512000
110 scan180 5400 102400 512000
111 scan143 5400 102400 512000
112 scan330 5400 102400 512000
113 scan181 5400 102400 512000
114 scan144 5400 102400 512000
115 scan331 5400 102400 512000
116 scan230 5400 102400 512000
117 scan235 5400 102400 512000
118 scan182 5400 102400 512000
119 scan255 5400 102400 512000
120 scan145 5400 102400 512000
121 scan332 5400 102400 512000
122 scan183 5400 102400 512000
123 scan146 5400 102400 512000
124 scan333 5400 102400 512000
125 scan386 5400 102400 512000
126 scan184 5400 102400 512000
127 scan355 5400 102400 512000
128 scan147 5400 102400 512000
129 scan334 5400 102400 512000
130 scan185 5400 102400 512000
131 scan148 5400 102400 512000
132 scan335 5400 102400 512000
133 scan186 5400 102400 512000
134 scan149 5400 102400 512000
135 scan336 5400 102400 512000
136 scan187 5400 102400 512000
137 scan150 5400 102400 512000
138 scan312 5400 102400 512000
139 scan231 5400 102400 512000
140 scan412 5400 102400 512000
141 scan263 5400 102400 512000
142 scan453 5400 102400 512000
143 scan413 5400 102400 512000
144 scan264 5400 102400 512000
145 scan387 5400 102400 512000
146 scan499 5400 102400 512000
147 scan414 5400 102400 512000
148 scan265 5400 102400 512000
149 scan483 5400 102400 512000
150 scan484 5400 102400 512000
151 scan415 5400 102400 512000
152 scan266 5400 102400 512000
153 scan359 5400 102400 512000
154 scan416 5400 102400 512000
155 scan267 5400 102400 512000
156 scan417 5400 102400 512000
157 scan268 5400 102400 512000
158 scan64 5400 102400 512000
159 scan207 5400 102400 512000
160 scan473 5400 102400 512000
161 scan313 5400 102400 512000
162 scan418 5400 102400 512000
163 scan468 5400 102400 512000
164 scan269 5400 102400 512000
165 scan419 5400 102400 512000
166 scan270 5400 102400 512000
167 scan388 5400 102400 512000
168 scan108 5400 102400 512000
169 scan420 5400 102400 512000
170 scan271 5400 102400 512000
171 scan421 5400 102400 512000
172 scan272 5400 102400 512000
173 scan422 5400 102400 512000
174 scan273 5400 102400 512000
175 scan423 5400 102400 512000
176 scan274 5400 102400 512000
177 scan40 5400 102400 512000
178 scan314 5400 102400 512000
179 scan65 5400 102400 512000
180 scan424 5400 102400 512000
181 scan275 5400 102400 512000
182 scan425 5400 102400 512000
183 scan276 5400 102400 512000
184 scan389 5400 102400 512000
185 scan426 5400 102400 512000
186 scan277 5400 102400 512000
187 scan427 5400 102400 512000
188 scan278 5400 102400 512000
189 scan428 5400 102400 512000
190 scan279 5400 102400 512000
191 scan429 5400 102400 512000
192 scan280 5400 102400 512000
193 scan66 5400 102400 512000
194 scan41 5400 102400 512000
195 scan315 5400 102400 512000
196 scan430 5400 102400 512000
197 scan113 5400 102400 512000
198 scan81 5400 102400 512000
199 scan356 5400 102400 512000
200 pre 30 13631488 51200000
201 scan39 5400 102400 512000
202 scan390 5400 102400 512000
203 scan114 5400 102400 512000
204 scan357 5400 102400 512000
205 scan208 5400 102400 512000
206 scan115 5400 102400 512000
207 scan16 5400 102400 512000
208 scan358 5400 102400 512000
209 scan209 5400 102400 512000
210 scan116 5400 102400 512000
211 scan241 5400 102400 512000
212 scan42 5400 102400 512000
213 scan117 5400 102400 512000
214 scan360 5400 102400 512000
215 scan211 5400 102400 512000
216 scan210 5400 102400 512000
217 scan260 5400 102400 512000
218 scan13 5400 102400 512000
219 scan18 5400 102400 512000
220 scan361 5400 102400 512000
221 scan44 5400 102400 512000
222 scan119 5400 102400 512000
223 scan362 5400 102400 512000
224 scan213 5400 102400 512000
225 scan86 5400 102400 512000
226 scan226 5400 102400 512000
227 scan120 5400 102400 512000
228 scan391 5400 102400 512000
229 scan363 5400 102400 512000
230 scan214 5400 102400 512000
231 scan121 5400 102400 512000
232 scan364 5400 102400 512000
233 scan345 5400 102400 512000
234 scan215 5400 102400 512000
235 scan122 5400 102400 512000
236 scan12 5400 102400 512000
237 scan216 5400 102400 512000
238 scan123 5400 102400 512000
239 scan11 5400 102400 512000
240 scan217 5400 102400 512000
241 scan236 5400 102400 512000
242 scan43 5400 102400 512000
243 scan317 5400 102400 512000
244 scan9 5400 102400 512000
245 scan218 5400 102400 512000
246 scan125 5400 102400 512000
247 scan500 5400 102400 512000
248 scan368 5400 102400 512000
249 scan8 5400 102400 512000
250 scan118 5400 102400 512000
251 scan381 5400 102400 512000
252 scan392 5400 102400 512000
253 scan126 5400 102400 512000
254 scan242 5400 102400 512000
255 scan369 5400 102400 512000
256 scan449 5400 102400 512000
257 scan220 5400 102400 512000
258 scan127 5400 102400 512000
259 scan7 5400 102400 512000
260 scan221 5400 102400 512000
261 scan495 5400 102400 512000
262 scan128 5400 102400 512000
263 scan490 5400 102400 512000
264 scan14 5400 102400 512000
265 scan479 5400 102400 512000
266 scan222 5400 102400 512000
267 scan474 5400 102400 512000
268 scan129 5400 102400 512000
269 scan372 5400 102400 512000
270 scan223 5400 102400 512000
271 scan212 5400 102400 512000
272 scan318 5400 102400 512000
273 scan130 5400 102400 512000
274 scan69 5400 102400 512000
275 scan373 5400 102400 512000
276 scan224 5400 102400 512000
277 scan131 5400 102400 512000
278 scan374 5400 102400 512000
279 scan469 5400 102400 512000
280 scan5 5400 102400 512000
281 scan20 5400 102400 512000
282 scan151 5400 102400 512000
283 scan450 5400 102400 512000
284 scan21 5400 102400 512000
285 scan152 5400 102400 512000
286 scan337 5400 102400 512000
287 scan451 5400 102400 512000
288 scan307 5400 102400 512000
289 scan22 5400 102400 512000
290 scan153 5400 102400 512000
291 scan452 5400 102400 512000
292 scan23 5400 102400 512000
293 scan497 5400 102400 512000
294 scan154 5400 102400 512000
295 scan70 5400 102400 512000
296 scan45 5400 102400 512000
297 scan24 5400 102400 512000
298 scan155 5400 102400 512000
299 scan454 5400 102400 512000
300 scan400 5400 102400 512000
301 scan25 5400 102400 512000
302 scan156 5400 102400 512000
303 scan455 5400 102400 512000
304 scan104 5400 102400 512000
305 scan26 5400 102400 512000
306 scan157 5400 102400 512000
307 scan456 5400 102400 512000
308 scan27 5400 102400 512000
309 scan158 5400 102400 512000
310 scan338 5400 102400 512000
311 scan457 5400 102400 512000
312 scan28 5400 102400 512000
313 scan159 5400 102400 512000
314 scan458 5400 102400 512000
315 scan29 5400 102400 512000
316 scan160 5400 102400 512000
317 scan46 5400 102400 512000
318 scan459 5400 102400 512000
319 scan71 5400 102400 512000
320 scan30 5400 102400 512000
321 scan161 5400 102400 512000
322 scan55 5400 102400 512000
323 scan31 5400 102400 512000
324 scan162 5400 102400 512000
325 scan4 5400 102400 512000
326 scan32 5400 102400 512000
327 scan163 5400 102400 512000
328 scan462 5400 102400 512000
329 scan33 5400 102400 512000
330 scan164 5400 102400 512000
331 scan283 5400 102400 512000
332 scan463 5400 102400 512000
333 scan34 5400 102400 512000
334 scan165 5400 102400 512000
335 scan464 5400 102400 512000
336 scan35 5400 102400 512000
337 scan166 5400 102400 512000
338 scan240 5400 102400 512000
339 scan47 5400 102400 512000
340 scan36 5400 102400 512000
341 scan232 5400 102400 512000
342 scan167 5400 102400 512000
343 scan466 5400 102400 512000
344 scan37 5400 102400 512000
345 scan168 5400 102400 512000
346 scan467 5400 102400 512000
347 scan38 5400 102400 512000
348 scan393 5400 102400 512000
349 scan244 5400 102400 512000
350 scan340 5400 102400 512000
351 scan394 5400 102400 512000
352 scan365 5400 102400 512000
353 scan301 5400 102400 512000
354 scan460 5400 102400 512000
355 post 60 256000000 1330642944
356 scan302 5400 102400 512000
357 scan48 5400 102400 512000
358 scan396 5400 102400 512000
359 scan95 5400 102400 512000
360 scan303 5400 102400 512000
361 scan397 5400 102400 512000
362 scan304 5400 102400 512000
363 scan92 5400 102400 512000
364 scan398 5400 102400 512000
365 scan10 5400 102400 512000
366 scan249 5400 102400 512000
367 scan496 5400 102400 512000
368 scan399 5400 102400 512000
369 scan485 5400 102400 512000
370 scan306 5400 102400 512000
371 scan480 5400 102400 512000
372 scan366 5400 102400 512000
373 scan341 5400 102400 512000
374 scan251 5400 102400 512000
375 scan401 5400 102400 512000
376 scan308 5400 102400 512000
377 scan491 5400 102400 512000
378 scan3 5400 102400 512000
379 scan402 5400 102400 512000
380 scan49 5400 102400 512000
381 scan475 5400 102400 512000
382 scan253 5400 102400 512000
383 scan470 5400 102400 512000
384 scan403 5400 102400 512000
385 scan254 5400 102400 512000
386 scan124 5400 102400 512000
387 scan404 5400 102400 512000
388 scan311 5400 102400 512000
389 scan405 5400 102400 512000
390 scan256 5400 102400 512000
391 scan342 5400 102400 512000
392 scan406 5400 102400 512000
393 scan367 5400 102400 512000
394 scan257 5400 102400 512000
395 scan238 5400 102400 512000
396 scan407 5400 102400 512000
397 scan258 5400 102400 512000
398 scan50 5400 102400 512000
399 scan408 5400 102400 512000
400 scan75 5400 102400 512000
401 scan259 5400 102400 512000
402 scan409 5400 102400 512000
403 scan316 5400 102400 512000
404 scan410 5400 102400 512000
405 scan261 5400 102400 512000
406 scan411 5400 102400 512000
407 scan262 5400 102400 512000
408 scan281 5400 102400 512000
409 scan188 5400 102400 512000
410 scan282 5400 102400 512000
411 scan189 5400 102400 512000
412 scan339 5400 102400 512000
413 scan51 5400 102400 512000
414 scan190 5400 102400 512000
415 scan284 5400 102400 512000
416 scan191 5400 102400 512000
417 scan300 5400 102400 512000
418 scan285 5400 102400 512000
419 scan192 5400 102400 512000
420 scan286 5400 102400 512000
421 scan193 5400 102400 512000
422 scan344 5400 102400 512000
423 scan375 5400 102400 512000
424 scan287 5400 102400 512000
425 scan194 5400 102400 512000
426 scan288 5400 102400 512000
427 scan195 5400 102400 512000
428 scan52 5400 102400 512000
429 scan289 5400 102400 512000
430 scan196 5400 102400 512000
431 scan290 5400 102400 512000
432 scan197 5400 102400 512000
433 scan245 5400 102400 512000
434 scan291 5400 102400 512000
435 scan2 5400 102400 512000
436 scan198 5400 102400 512000
437 scan292 5400 102400 512000
438 scan199 5400 102400 512000
439 scan376 5400 102400 512000
440 scan370 5400 102400 512000
441 scan293 5400 102400 512000
442 scan200 5400 102400 512000
443 scan99 5400 102400 512000
444 scan294 5400 102400 512000
445 scan201 5400 102400 512000
446 scan461 5400 102400 512000
447 scan395 5400 102400 512000
448 scan295 5400 102400 512000
449 scan53 5400 102400 512000
450 scan202 5400 102400 512000
451 scan296 5400 102400 512000
452 scan203 5400 102400 512000
453 scan246 5400 102400 512000
454 scan297 5400 102400 512000
455 scan204 5400 102400 512000
456 scan298 5400 102400 512000
457 scan205 5400 102400 512000
458 scan346 5400 102400 512000
459 scan377 5400 102400 512000
460 scan299 5400 102400 512000
461 scan371 5400 102400 512000
462 scan206 5400 102400 512000
463 scan492 5400 102400 512000
464 scan481 5400 102400 512000
465 scan476 5400 102400 512000
466 scan431 5400 102400 512000
467 scan54 5400 102400 512000
468 scan432 5400 102400 512000
469 scan487 5400 102400 512000
470 scan433 5400 102400 512000
471 scan471 5400 102400 512000
472 scan247 5400 102400 512000
473 scan61 5400 102400 512000
474 scan465 5400 102400 512000
475 scan434 5400 102400 512000
476 scan435 5400 102400 512000
477 scan378 5400 102400 512000
478 scan347 5400 102400 512000
479 scan436 5400 102400 512000
480 scan437 5400 102400 512000
481 scan6 5400 102400 512000
482 scan438 5400 102400 512000
483 scan439 5400 102400 512000
484 scan248 5400 102400 512000
485 scan1 5400 102400 512000
486 scan440 5400 102400 512000
487 scan441 5400 102400 512000
488 scan348 5400 102400 512000
489 scan379 5400 102400 512000
490 scan442 5400 102400 512000
491 scan443 5400 102400 512000
492 scan56 5400 102400 512000
493 scan444 5400 102400 512000
494 scan219 5400 102400 512000
495 motif 3600 74448896 1501560832
496 scan445 5400 102400 512000
497 scan305 5400 102400 512000
498 scan446 5400 102400 512000
499 scan447 5400 102400 512000
500 scan380 5400 102400 512000
501 scan349 5400 102400 512000
502 scan448 5400 102400 512000
