0 adcirc67 900 288358400 169869312
1 adcirc46 900 288358400 169869312
2 adcirc49 900 288358400 169869312
3 adcirc68 900 288358400 169869312
4 adcirc43 900 288358400 169869312
5 adcirc50 900 288358400 169869312
6 adcirc69 900 288358400 169869312
7 adcirc42 900 288358400 169869312
8 adcirc51 900 288358400 169869312
9 adcirc70 900 288358400 169869312
10 adcirc40 900 288358400 169869312
11 adcirc52 900 288358400 169869312
12 adcirc29 900 288358400 169869312
13 adcirc44 900 288358400 169869312
14 adcirc53 900 288358400 169869312
15 adcirc72 900 288358400 169869312
16 adcirc32 900 288358400 169869312
17 adcirc54 900 288358400 169869312
18 adcirc97 900 288358400 169869312
19 adcirc23 900 288358400 169869312
20 adcirc73 900 288358400 169869312
21 adcirc92 900 288358400 169869312
22 adcirc38 900 288358400 169869312
23 adcirc55 900 288358400 169869312
24 adcirc74 900 288358400 169869312
25 adcirc31 900 288358400 169869312
26 adcirc56 900 288358400 169869312
27 adcirc62 900 288358400 169869312
28 adcirc75 900 288358400 169869312
29 adcirc35 900 288358400 169869312
30 adcirc57 900 288358400 169869312
31 adcirc76 900 288358400 169869312
32 adcirc47 900 288358400 169869312
33 adcirc58 900 288358400 169869312
34 adcirc98 900 288358400 169869312
35 adcirc77 900 288358400 169869312
36 adcirc81 900 288358400 169869312
37 adcirc45 900 288358400 169869312
38 adcirc24 900 288358400 169869312
39 adcirc78 900 288358400 169869312
40 adcirc39 900 288358400 169869312
41 adcirc60 900 288358400 169869312
42 adcirc89 900 288358400 169869312
43 adcirc79 900 288358400 169869312
44 adcirc41 900 288358400 169869312
45 adcirc61 900 288358400 169869312
46 adcirc80 900 288358400 169869312
47 adcirc34 900 288358400 169869312
48 pp 1 16986931200 0
49 adcirc27 900 288358400 169869312
50 adcirc36 900 288358400 169869312
51 adcirc63 900 288358400 169869312
52 adcirc82 900 288358400 169869312
53 adcirc37 900 288358400 169869312
54 adcirc64 900 288358400 169869312
55 adcirc83 900 288358400 169869312
56 adcirc33 900 288358400 169869312
57 adcirc65 900 288358400 169869312
58 adcirc84 900 288358400 169869312
59 adcirc30 900 288358400 169869312
60 adcirc66 900 288358400 169869312
61 adcirc28 900 288358400 169869312
62 adcirc93 900 288358400 169869312
63 adcirc85 900 288358400 169869312
64 adcirc48 900 288358400 169869312
65 adcirc91 900 288358400 169869312
66 adcirc26 900 288358400 169869312
67 adcirc21 900 288358400 169869312
68 adcirc4 900 288358400 169869312
69 adcirc13 900 288358400 169869312
70 adcirc94 900 288358400 169869312
71 adcirc18 900 288358400 169869312
72 adcirc95 900 288358400 169869312
73 adcirc96 900 288358400 169869312
74 adcirc9 900 288358400 169869312
75 adcirc22 900 288358400 169869312
76 adcirc12 900 288358400 169869312
77 adcirc20 900 288358400 169869312
78 adcirc7 900 288358400 169869312
79 adcirc2 900 288358400 169869312
80 adcirc3 900 288358400 169869312
81 adcirc25 900 288358400 169869312
82 adcirc99 900 288358400 169869312
83 adcirc10 900 288358400 169869312
84 adcirc59 900 288358400 169869312
85 adcirc100 900 288358400 169869312
86 adcirc14 900 288358400 169869312
87 adcirc16 900 288358400 169869312
88 adcirc19 900 288358400 169869312
89 adcirc87 900 288358400 169869312
90 adcirc86 900 288358400 169869312
91 adcirc17 900 288358400 169869312
92 adcirc5 900 288358400 169869312
93 adcirc15 900 288358400 169869312
94 adcirc90 900 288358400 169869312
95 adcirc71 900 288358400 169869312
96 adcirc11 900 288358400 169869312
97 adcirc8 900 288358400 169869312
98 adcirc6 900 288358400 169869312
99 adcirc1 900 288358400 169869312
100 adcirc88 900 288358400 169869312
