0 ID00000 0.094 1521088 1521088
1 ID00001 1.4561 4375865 119334
2 ID00002 1.3635 4375865 64157
3 ID00003 1.5752 4375865 102060
4 ID00004 1.1719 4375865 50767
5 ID00005 1.5298 4375865 96383
6 ID00006 1.5391 4375865 105891
7 ID00007 0.736 4375865 128793
8 ID00008 1.5641 4375865 105233
9 ID00009 1.5717 4375865 123931
10 ID00010 1.1118 4375865 72043
11 ID00011 1.2525 4375865 47973
12 ID00012 1.4023 4375865 126215
13 ID00013 1.3387 4375865 64579
14 ID00014 1.2737 4375865 56809
15 ID00015 0.9136 4375865 136626
16 ID00016 1.4687 4375865 69908
17 ID00017 1.7119 4375865 50386
18 ID00018 1525.32 4796860 29046702
19 ID00019 35.243 4222544 1053137
20 ID00020 39.4665 4586687 442384
21 ID00021 2906.74 261860317 6985119
22 ID00022 453.865 53192850 5789855
23 ID00023 1.6026 4517587 710266
24 ID00024 4.8277 1439380 15395
25 ID00025 1466.19 273741819 3584618
26 ID00026 33 3391967 1260194
27 ID00027 4.9504 1259195 620458
28 ID00028 1.9948 4166469 1497851
29 ID00029 0.1189 1403379 1403379
30 ID00030 1.3378 4375865 105152
31 ID00031 0.9107 4375865 72773
32 ID00032 1.3451 4375865 51699
33 ID00033 1.3822 4375865 123803
34 ID00034 1.0828 4375865 50176
35 ID00035 1.3158 4375865 107730
36 ID00036 1.3348 4375865 68639
37 ID00037 1.4561 4375865 112203
38 ID00038 1.7408 4375865 51152
39 ID00039 0.7544 4375865 56617
40 ID00040 1.6188 4375865 50967
41 ID00041 1.3064 4375865 131385
42 ID00042 1.5457 4375865 74848
43 ID00043 1.4031 4375865 99554
44 ID00044 1.5713 4375865 119160
45 ID00045 1.8884 4375865 70410
46 ID00046 1.2551 4375865 57111
47 ID00047 1833.95 4796860 40605949
48 ID00048 27.4504 4222544 1011738
49 ID00049 50.2483 4586687 415168
50 ID00050 2797.43 255712336 6403575
51 ID00051 525.865 64769066 5886460
52 ID00052 1.3122 5257857 1018537
53 ID00053 3.7214 1434571 15032
54 ID00054 1643.57 264189640 3103733
55 ID00055 33 3699794 1432509
56 ID00056 3.2924 1263181 620366
57 ID00057 1.3892 4237773 1178254
58 ID00058 0.0598 1782333 1782333
59 ID00059 1.4549 4375865 93057
60 ID00060 1.1147 4375865 76146
61 ID00061 1.2451 4375865 88779
62 ID00062 1.1842 4375865 67845
63 ID00063 1.4893 4375865 66236
64 ID00064 1.5934 4375865 130744
65 ID00065 0.9591 4375865 129030
66 ID00066 0.9998 4375865 85301
67 ID00067 1.6567 4375865 91196
68 ID00068 1.7361 4375865 125795
69 ID00069 1.1697 4375865 100589
70 ID00070 1.423 4375865 103005
71 ID00071 1.0731 4375865 55448
72 ID00072 1.1409 4375865 95817
73 ID00073 1.0017 4375865 74453
74 ID00074 0.8592 4375865 100242
75 ID00075 0.9793 4375865 103955
76 ID00076 0.9636 4375865 48813
77 ID00077 1.4238 4375865 73570
78 ID00078 1.43 4375865 72312
79 ID00079 788.692 4796860 36240140
80 ID00080 27.1502 4222544 1133419
81 ID00081 40.2744 4586687 435472
82 ID00082 1447.16 250096785 6994420
83 ID00083 218.636 65714410 6385510
84 ID00084 1.6529 4650630 838269
85 ID00085 4.2411 1431112 15155
86 ID00086 1263.05 253253993 4943043
87 ID00087 33 3515747 780396
88 ID00088 3.3772 1264690 879067
89 ID00089 1.0194 4258745 1467519
90 ID00090 0.0887 1682479 1682479
91 ID00091 0.8847 4375865 55521
92 ID00092 1.3965 4375865 110651
93 ID00093 1.176 4375865 96833
94 ID00094 0.9339 4375865 129034
95 ID00095 1.2863 4375865 130307
96 ID00096 1.3763 4375865 111699
97 ID00097 1.0273 4375865 46436
98 ID00098 1.4798 4375865 69213
99 ID00099 1.6248 4375865 115921
100 ID00100 0.9691 4375865 89847
101 ID00101 1.7211 4375865 50575
102 ID00102 1.2634 4375865 137232
103 ID00103 1.3261 4375865 131034
104 ID00104 0.945 4375865 46604
105 ID00105 1.4492 4375865 82680
106 ID00106 1.0329 4375865 63333
107 ID00107 1.333 4375865 49835
108 ID00108 1.1032 4375865 91113
109 ID00109 1.2828 4375865 74611
110 ID00110 1141.97 4796860 35666444
111 ID00111 40.8694 4222544 1066238
112 ID00112 36.0419 4586687 435056
113 ID00113 1880.83 262914619 7872974
114 ID00114 422.18 60645779 5627196
115 ID00115 1.7146 5350530 1086392
116 ID00116 5.8395 1437972 15357
117 ID00117 1402.83 262403193 4249883
118 ID00118 33 3773365 1153590
119 ID00119 6.0604 1269159 635390
120 ID00120 1.6054 4276418 1201487
121 ID00121 0.055 2007678 2007678
122 ID00122 1.5603 4375865 135125
123 ID00123 0.6496 4375865 83035
124 ID00124 1.0264 4375865 113445
125 ID00125 1.4715 4375865 48271
126 ID00126 1.7896 4375865 96682
127 ID00127 1.4065 4375865 80162
128 ID00128 1.3079 4375865 113991
129 ID00129 1.251 4375865 101924
130 ID00130 1.3662 4375865 111066
131 ID00131 1.0305 4375865 128575
132 ID00132 1.0801 4375865 97162
133 ID00133 1.5657 4375865 93151
134 ID00134 1.1353 4375865 110321
135 ID00135 0.9226 4375865 133557
136 ID00136 1.2443 4375865 132456
137 ID00137 1.7169 4375865 87398
138 ID00138 1.0391 4375865 131640
139 ID00139 1.6967 4375865 78990
140 ID00140 1.579 4375865 130727
141 ID00141 859.501 4796860 39461890
142 ID00142 35.8879 4222544 977520
143 ID00143 44.6995 4586687 448443
144 ID00144 3490.46 263514412 6589606
145 ID00145 349.061 67588317 5767874
146 ID00146 1.8686 3963278 669073
147 ID00147 6.0752 1438329 15176
148 ID00148 1474.27 274198461 4380869
149 ID00149 33 3360089 727950
150 ID00150 3.8763 1263109 902170
151 ID00151 1.3665 4392009 1045150
152 ID00152 0.1132 1581776 1581776
153 ID00153 1.5029 4375865 132893
154 ID00154 1.3088 4375865 101330
155 ID00155 0.9699 4375865 107474
156 ID00156 1.4821 4375865 67730
157 ID00157 1.1851 4375865 77601
158 ID00158 1.5552 4375865 65039
159 ID00159 1.0679 4375865 125979
160 ID00160 1.5754 4375865 125954
161 ID00161 1.3227 4375865 100168
162 ID00162 1.1304 4375865 97902
163 ID00163 1.0124 4375865 87745
164 ID00164 1.3603 4375865 56237
165 ID00165 1.8812 4375865 121798
166 ID00166 1.2202 4375865 69780
167 ID00167 0.6894 4375865 81512
168 ID00168 1.1239 4375865 88894
169 ID00169 1.2277 4375865 73740
170 ID00170 1735.51 4796860 41175072
171 ID00171 40.7612 4222544 1055798
172 ID00172 53.6109 4586687 427933
173 ID00173 1594.95 252866420 2961752
174 ID00174 427.887 64575794 5421641
175 ID00175 1.7788 4063057 720525
176 ID00176 4.4032 1434515 15222
177 ID00177 1575.86 254150734 4747043
178 ID00178 33 3402493 611134
179 ID00179 4.6 1261941 632253
180 ID00180 1.8663 3581742 1669456
181 ID00181 0.0674 1452806 1452806
182 ID00182 1.2398 4375865 82488
183 ID00183 0.9154 4375865 88934
184 ID00184 1.4092 4375865 109027
185 ID00185 1.2569 4375865 53696
186 ID00186 1.5051 4375865 71827
187 ID00187 1.6598 4375865 88397
188 ID00188 0.9749 4375865 50807
189 ID00189 1.5018 4375865 86084
190 ID00190 1.6833 4375865 131696
191 ID00191 1.1662 4375865 112992
192 ID00192 1.2475 4375865 71241
193 ID00193 1.6593 4375865 58282
194 ID00194 1.2516 4375865 83605
195 ID00195 0.8281 4375865 135690
196 ID00196 1.2924 4375865 111709
197 ID00197 1.4018 4375865 116331
198 ID00198 758.209 4796860 38456356
199 ID00199 37.9383 4222544 985145
200 ID00200 52.3538 4586687 464424
201 ID00201 1771.63 260679960 3478188
202 ID00202 299.304 57597188 6596782
203 ID00203 1.2664 5195836 856330
204 ID00204 5.9065 1435955 15109
205 ID00205 1388.94 260559092 4642289
206 ID00206 33 3534199 1399409
207 ID00207 5.5263 1267743 788309
208 ID00208 2.416 4428623 1416921
209 ID00209 0.0427 1927986 1927986
210 ID00210 1.1483 4375865 54565
211 ID00211 0.9997 4375865 126437
212 ID00212 1.5615 4375865 62644
213 ID00213 1.435 4375865 80780
214 ID00214 1.0209 4375865 49669
215 ID00215 1.6919 4375865 116344
216 ID00216 1.4982 4375865 80171
217 ID00217 0.7499 4375865 89643
218 ID00218 0.7131 4375865 62573
219 ID00219 1.0497 4375865 95996
220 ID00220 1.173 4375865 94730
221 ID00221 0.8334 4375865 92259
222 ID00222 1.565 4375865 72176
223 ID00223 0.8612 4375865 102511
224 ID00224 1.1018 4375865 117378
225 ID00225 1.4394 4375865 112144
226 ID00226 1.0715 4375865 125258
227 ID00227 1.6173 4375865 80694
228 ID00228 1.0878 4375865 83196
229 ID00229 0.8814 4375865 63771
230 ID00230 1.2644 4375865 109497
231 ID00231 1.2193 4375865 55550
232 ID00232 1471.31 4796860 40487766
233 ID00233 42.0738 4222544 1113459
234 ID00234 62.0576 4586687 419566
235 ID00235 1816.15 259945820 4987709
236 ID00236 236.403 63449337 6356079
237 ID00237 1.6056 4281556 552210
238 ID00238 3.9548 1429293 15090
239 ID00239 1360.47 270843126 4631760
240 ID00240 33 3239173 925985
241 ID00241 6.6389 1256741 613914
242 ID00242 2.0273 4266641 1579308
243 ID00243 0.1106 1447229 1447229
244 ID00244 1.3432 4375865 110676
245 ID00245 1.4845 4375865 60607
246 ID00246 1.3578 4375865 69945
247 ID00247 1.3357 4375865 132286
248 ID00248 1.2435 4375865 80109
249 ID00249 1.3649 4375865 116751
250 ID00250 1.2934 4375865 69021
251 ID00251 1.0971 4375865 120149
252 ID00252 1.1222 4375865 137386
253 ID00253 1.3255 4375865 110972
254 ID00254 1.3494 4375865 91718
255 ID00255 0.9138 4375865 106924
256 ID00256 1.3901 4375865 111088
257 ID00257 1.2522 4375865 69678
258 ID00258 1.0892 4375865 59919
259 ID00259 756.881 4796860 32998285
260 ID00260 35.0885 4222544 1010018
261 ID00261 38.9462 4586687 456575
262 ID00262 1890.14 245712471 4823613
263 ID00263 295.13 55209907 5918928
264 ID00264 1.5169 3881473 1108432
265 ID00265 4.1847 1429987 15144
266 ID00266 1450.09 271795344 4626204
267 ID00267 33 3787405 626569
268 ID00268 5.5469 1261493 703356
269 ID00269 1.8694 3562830 1684231
270 ID00270 0.1078 1895799 1895799
271 ID00271 1.2461 4375865 126885
272 ID00272 1.5646 4375865 72347
273 ID00273 1.3924 4375865 81710
274 ID00274 1.4836 4375865 102058
275 ID00275 0.9477 4375865 108654
276 ID00276 1.2574 4375865 56615
277 ID00277 0.928 4375865 116595
278 ID00278 1.2658 4375865 54038
279 ID00279 1.0966 4375865 106406
280 ID00280 0.986 4375865 131793
281 ID00281 1.6645 4375865 58005
282 ID00282 1.9048 4375865 122847
283 ID00283 1.7101 4375865 60358
284 ID00284 0.9715 4375865 109667
285 ID00285 1.2698 4375865 56908
286 ID00286 1.3396 4375865 125247
287 ID00287 1.2096 4375865 134890
288 ID00288 1.8399 4375865 64675
289 ID00289 0.9154 4375865 135483
290 ID00290 1.1874 4375865 70618
291 ID00291 692.841 4796860 42297577
292 ID00292 35.3899 4222544 984313
293 ID00293 69.5995 4586687 428143
294 ID00294 2228.74 257039043 3040502
295 ID00295 218.531 61844894 7342429
296 ID00296 1.7868 4739231 730253
297 ID00297 4.6169 1434786 15033
298 ID00298 1510.9 264868520 3879168
299 ID00299 33 3410484 1103071
300 ID00300 6.5744 1269110 440811
301 ID00301 1.5771 4211859 1637720
302 ID00302 0.0829 1615847 1615847
303 ID00303 1.613 4375865 132477
304 ID00304 1.1603 4375865 115059
305 ID00305 1.3999 4375865 52964
306 ID00306 1.2145 4375865 136825
307 ID00307 1.029 4375865 106014
308 ID00308 0.9011 4375865 49136
309 ID00309 1.5195 4375865 59042
310 ID00310 0.6632 4375865 71927
311 ID00311 1.184 4375865 86261
312 ID00312 0.7272 4375865 84883
313 ID00313 1.4015 4375865 136408
314 ID00314 1.7366 4375865 116969
315 ID00315 1.2728 4375865 121356
316 ID00316 1.6982 4375865 87849
317 ID00317 0.9259 4375865 77485
318 ID00318 0.8138 4375865 129914
319 ID00319 1.4027 4375865 51278
320 ID00320 1115.71 4796860 40983192
321 ID00321 26.5728 4222544 1054741
322 ID00322 38.3164 4586687 438630
323 ID00323 1765.3 259574274 4142196
324 ID00324 506.174 65234845 7183367
325 ID00325 1.5244 4672245 649479
326 ID00326 5.5414 1435514 15283
327 ID00327 1416.13 262123204 3691880
328 ID00328 33 3333650 1289237
329 ID00329 5.9033 1262372 357569
330 ID00330 1.408 4010409 1311215
331 ID00331 0.0495 1673084 1673084
332 ID00332 1.4312 4375865 64478
333 ID00333 1.6639 4375865 125948
334 ID00334 1.2794 4375865 134921
335 ID00335 1.6484 4375865 91408
336 ID00336 1.0136 4375865 77901
337 ID00337 1.2509 4375865 73376
338 ID00338 1.7705 4375865 125730
339 ID00339 0.8855 4375865 71805
340 ID00340 0.7155 4375865 110379
341 ID00341 1.441 4375865 85740
342 ID00342 1.7708 4375865 48183
343 ID00343 1.7177 4375865 93104
344 ID00344 1.152 4375865 110799
345 ID00345 1.2273 4375865 77185
346 ID00346 0.8054 4375865 46850
347 ID00347 1.3122 4375865 56418
348 ID00348 0.9376 4375865 67130
349 ID00349 1.5521 4375865 132264
350 ID00350 1.3954 4375865 79465
351 ID00351 1809.21 4796860 30053881
352 ID00352 44.1652 4222544 1078326
353 ID00353 76.4951 4586687 460835
354 ID00354 1948.68 247526038 2766808
355 ID00355 242.416 53900599 7239349
356 ID00356 1.6711 4867103 810819
357 ID00357 4.2759 1436182 15260
358 ID00358 1370.67 246014695 4803337
359 ID00359 33 3492975 1664813
360 ID00360 5.6397 1261081 805999
361 ID00361 2.0745 4930148 1299031
362 ID00362 0.055 1750056 1750056
363 ID00363 1.343 4375865 51402
364 ID00364 0.9401 4375865 113356
365 ID00365 0.8856 4375865 113729
366 ID00366 0.8328 4375865 93467
367 ID00367 0.9673 4375865 94386
368 ID00368 1.3979 4375865 90705
369 ID00369 1.0394 4375865 46364
370 ID00370 1.0331 4375865 62717
371 ID00371 0.9269 4375865 107792
372 ID00372 0.9931 4375865 51391
373 ID00373 1.3 4375865 99830
374 ID00374 0.6455 4375865 109291
375 ID00375 1.0575 4375865 129153
376 ID00376 0.7319 4375865 86742
377 ID00377 1.4205 4375865 111445
378 ID00378 1.4063 4375865 89514
379 ID00379 1.3524 4375865 103493
380 ID00380 1.2818 4375865 97639
381 ID00381 1.0009 4375865 97640
382 ID00382 1012.08 4796860 39476393
383 ID00383 49.1296 4222544 1239158
384 ID00384 83.5619 4586687 453944
385 ID00385 1218.1 262776481 3293482
386 ID00386 424.752 57290526 7974144
387 ID00387 1.664 4637597 949065
388 ID00388 5.4884 1439104 15141
389 ID00389 1425.27 247476922 5479329
390 ID00390 33 3626916 1105136
391 ID00391 4.828 1262143 451925
392 ID00392 1.1621 4140228 938003
393 ID00393 0.0708 1723798 1723798
394 ID00394 1.2285 4375865 87134
395 ID00395 1.5785 4375865 52305
396 ID00396 1.8276 4375865 101753
397 ID00397 1.2206 4375865 136943
398 ID00398 1.2709 4375865 130338
399 ID00399 1.7526 4375865 73103
400 ID00400 1.1081 4375865 104849
401 ID00401 0.643 4375865 101139
402 ID00402 1.3791 4375865 129319
403 ID00403 1.0121 4375865 59704
404 ID00404 1.312 4375865 123373
405 ID00405 1.4992 4375865 62812
406 ID00406 1.7905 4375865 86235
407 ID00407 0.6543 4375865 95600
408 ID00408 1.2216 4375865 66054
409 ID00409 1.414 4375865 97486
410 ID00410 1.3418 4375865 110746
411 ID00411 1.4183 4375865 104905
412 ID00412 1456.64 4796860 31798730
413 ID00413 36.5645 4222544 1103893
414 ID00414 52.6044 4586687 424287
415 ID00415 1634.44 251931625 5586908
416 ID00416 289.711 58271546 5013269
417 ID00417 1.653 4129080 1028994
418 ID00418 6.877 1434681 15111
419 ID00419 1485.93 271183931 4132429
420 ID00420 33 3704019 1525973
421 ID00421 5.2397 1262435 932851
422 ID00422 2.08 4955319 1215976
423 ID00423 0.0718 1673506 1673506
424 ID00424 1.3018 4375865 119433
425 ID00425 1.2206 4375865 47361
426 ID00426 1.2098 4375865 54360
427 ID00427 1.2373 4375865 57998
428 ID00428 1.2661 4375865 76733
429 ID00429 0.7423 4375865 96835
430 ID00430 1.2737 4375865 85816
431 ID00431 1.3395 4375865 64952
432 ID00432 0.8742 4375865 104828
433 ID00433 1.3178 4375865 131796
434 ID00434 1.1627 4375865 116553
435 ID00435 1.6395 4375865 124698
436 ID00436 0.9784 4375865 99878
437 ID00437 1.3736 4375865 62395
438 ID00438 1.7069 4375865 79926
439 ID00439 1.6514 4375865 92075
440 ID00440 1.2702 4375865 72211
441 ID00441 0.7624 4375865 51513
442 ID00442 0.9152 4375865 134145
443 ID00443 1844.92 4796860 34041159
444 ID00444 39.8157 4222544 1234714
445 ID00445 34.3774 4586687 453081
446 ID00446 3114.55 266277814 3142993
447 ID00447 314.108 53732374 5218837
448 ID00448 1.382 4683516 601506
449 ID00449 5.6127 1431159 15261
450 ID00450 1472.26 257618897 3645580
451 ID00451 33 3283062 931795
452 ID00452 3.0153 1260606 908798
453 ID00453 2.1657 4235359 1033740
454 ID00454 0.0485 1645829 1645829
455 ID00455 1.0624 4375865 111242
456 ID00456 0.8689 4375865 105419
457 ID00457 1.7945 4375865 92167
458 ID00458 1.1104 4375865 125962
459 ID00459 1.538 4375865 132601
460 ID00460 0.9193 4375865 117548
461 ID00461 1.0116 4375865 128499
462 ID00462 1.2869 4375865 67944
463 ID00463 1.2932 4375865 74821
464 ID00464 1.303 4375865 57870
465 ID00465 1.7226 4375865 62241
466 ID00466 1.2382 4375865 85700
467 ID00467 1.0923 4375865 101324
468 ID00468 1.4746 4375865 65737
469 ID00469 1.0067 4375865 137650
470 ID00470 0.8492 4375865 95115
471 ID00471 1.5463 4375865 83989
472 ID00472 1388.6 4796860 36097060
473 ID00473 34.2979 4222544 1121357
474 ID00474 72.6263 4586687 431727
475 ID00475 3083.41 245360324 5855909
476 ID00476 344.01 58461469 5431082
477 ID00477 1.3352 4709712 599599
478 ID00478 4.2599 1436047 14940
479 ID00479 1387.95 251178506 4939734
480 ID00480 33 3284180 862995
481 ID00481 5.7134 1259249 459807
482 ID00482 1.4476 3733005 1242168
483 ID00483 0.0432 1808502 1808502
484 ID00484 1.5792 4375865 112747
485 ID00485 1.4304 4375865 95891
486 ID00486 1.7922 4375865 96072
487 ID00487 0.9925 4375865 65408
488 ID00488 1.1147 4375865 86083
489 ID00489 0.9883 4375865 78364
490 ID00490 1.0447 4375865 108291
491 ID00491 0.8117 4375865 118816
492 ID00492 1.6742 4375865 133733
493 ID00493 1.8226 4375865 97567
494 ID00494 1.0788 4375865 56773
495 ID00495 1.9 4375865 78187
496 ID00496 1.0918 4375865 53716
497 ID00497 1.7978 4375865 82650
498 ID00498 1.0036 4375865 67604
499 ID00499 1.2897 4375865 94833
500 ID00500 0.9299 4375865 105371
501 ID00501 0.7546 4375865 120790
502 ID00502 1.7416 4375865 84415
503 ID00503 1.6338 4375865 71191
504 ID00504 1685.83 4796860 38460325
505 ID00505 40.4282 4222544 1166548
506 ID00506 83.241 4586687 454161
507 ID00507 3272.95 252972976 5774750
508 ID00508 312.141 64731543 5598138
509 ID00509 1.7026 5128058 992571
510 ID00510 5.2277 1441273 15231
511 ID00511 1491.04 266524396 5234765
512 ID00512 33 3676153 1364642
513 ID00513 3.9858 1268185 805880
514 ID00514 1.1362 4709286 1282873
515 ID00515 0.0816 1690722 1690722
516 ID00516 1.2142 4375865 131202
517 ID00517 0.728 4375865 58066
518 ID00518 0.6617 4375865 77338
519 ID00519 1.3444 4375865 75453
520 ID00520 1.1786 4375865 79093
521 ID00521 1.4513 4375865 97512
522 ID00522 1.4334 4375865 60324
523 ID00523 0.6485 4375865 119355
524 ID00524 1.7447 4375865 115652
525 ID00525 1.7026 4375865 122689
526 ID00526 0.8103 4375865 74966
527 ID00527 1.5941 4375865 95500
528 ID00528 1.209 4375865 127794
529 ID00529 0.6964 4375865 109555
530 ID00530 1.095 4375865 130655
531 ID00531 1.3452 4375865 81860
532 ID00532 1.2372 4375865 133708
533 ID00533 901.81 4796860 33945540
534 ID00534 37.883 4222544 1024974
535 ID00535 73.0057 4586687 452454
536 ID00536 2121.98 264154673 5059117
537 ID00537 339.677 56436265 5286317
538 ID00538 1.3367 4330534 761645
539 ID00539 6.028 1436392 15119
540 ID00540 1285.71 250631961 3691745
541 ID00541 33 3446748 1194866
542 ID00542 6.2451 1267934 790633
543 ID00543 1.6992 4462568 1234379
544 ID00544 0.1119 1572768 1572768
545 ID00545 1.4052 4375865 115997
546 ID00546 1.3131 4375865 94593
547 ID00547 1.2211 4375865 92184
548 ID00548 1.3011 4375865 111286
549 ID00549 0.8451 4375865 93053
550 ID00550 1.5464 4375865 50883
551 ID00551 1.4181 4375865 102228
552 ID00552 1.1217 4375865 84635
553 ID00553 1.466 4375865 98482
554 ID00554 0.7845 4375865 88493
555 ID00555 1.5514 4375865 108669
556 ID00556 0.9822 4375865 128777
557 ID00557 1.3673 4375865 99523
558 ID00558 1.5426 4375865 89167
559 ID00559 1.7758 4375865 123237
560 ID00560 0.9842 4375865 91561
561 ID00561 1037.15 4796860 37315877
562 ID00562 32.727 4222544 989160
563 ID00563 27.9336 4586687 440335
564 ID00564 1225.16 256799599 4012097
565 ID00565 239.295 59659214 6867100
566 ID00566 1.4186 5221749 993664
567 ID00567 5.0104 1435564 14967
568 ID00568 1279.39 255436941 5381884
569 ID00569 33 3677340 910263
570 ID00570 5.6921 1261871 787126
571 ID00571 1.9048 4062573 1236691
572 ID00572 0.0726 1819002 1819002
573 ID00573 1.8761 4375865 89251
574 ID00574 1.4021 4375865 73517
575 ID00575 1.0478 4375865 89796
576 ID00576 1.2019 4375865 136476
577 ID00577 1.3446 4375865 128751
578 ID00578 1.4004 4375865 86150
579 ID00579 0.8876 4375865 102193
580 ID00580 1.8318 4375865 82208
581 ID00581 1.1097 4375865 73666
582 ID00582 1.3342 4375865 90910
583 ID00583 1.4966 4375865 96807
584 ID00584 0.7467 4375865 102345
585 ID00585 1.178 4375865 67708
586 ID00586 1.1703 4375865 47186
587 ID00587 1.2371 4375865 96392
588 ID00588 1.0114 4375865 105428
589 ID00589 1.4648 4375865 105636
590 ID00590 1.7232 4375865 55011
591 ID00591 1.1385 4375865 126725
592 ID00592 1.0679 4375865 62846
593 ID00593 883.515 4796860 41547178
594 ID00594 25.1198 4222544 1093741
595 ID00595 66.2155 4586687 423881
596 ID00596 2372.96 265818336 3159979
597 ID00597 300.343 59491841 5447044
598 ID00598 1.9703 4435109 682940
599 ID00599 5.3923 1442731 14957
600 ID00600 1572.48 248716129 4315611
601 ID00601 33 3367871 585332
602 ID00602 3.6456 1269168 956409
603 ID00603 1.5599 4127854 1288784
604 ID00604 0.0472 1898954 1898954
605 ID00605 1.2684 4375865 97979
606 ID00606 1.4235 4375865 134372
607 ID00607 1.3566 4375865 119108
608 ID00608 1.4171 4375865 130818
609 ID00609 0.9924 4375865 91718
610 ID00610 1.1348 4375865 61554
611 ID00611 1.2845 4375865 63809
612 ID00612 1.281 4375865 95989
613 ID00613 0.9832 4375865 102617
614 ID00614 1.0715 4375865 77247
615 ID00615 0.995 4375865 70303
616 ID00616 1.1413 4375865 53772
617 ID00617 1.5179 4375865 133878
618 ID00618 1.3262 4375865 72799
619 ID00619 1.8285 4375865 78951
620 ID00620 1.4933 4375865 46857
621 ID00621 0.9768 4375865 126328
622 ID00622 1.264 4375865 136916
623 ID00623 0.8604 4375865 87737
624 ID00624 1.1631 4375865 116202
625 ID00625 1610.37 4796860 39318411
626 ID00626 48.4488 4222544 1049403
627 ID00627 38.2254 4586687 437667
628 ID00628 1781.93 262613223 5936309
629 ID00629 487.539 64626918 5977318
630 ID00630 1.5248 4700129 718098
631 ID00631 3.4909 1435500 15176
632 ID00632 1413.45 250935242 4063826
633 ID00633 33 3400089 768107
634 ID00634 2.8868 1260956 702237
635 ID00635 1.5052 4140027 1604402
636 ID00636 0.1166 1343846 1343846
637 ID00637 1.0785 4375865 112036
638 ID00638 1.4393 4375865 111016
639 ID00639 1.4696 4375865 78850
640 ID00640 1.2296 4375865 92485
641 ID00641 0.8473 4375865 101898
642 ID00642 1.2914 4375865 48681
643 ID00643 1.0815 4375865 133896
644 ID00644 1.0816 4375865 120328
645 ID00645 0.7732 4375865 73353
646 ID00646 1.1524 4375865 56972
647 ID00647 1.6211 4375865 60289
648 ID00648 1.176 4375865 87242
649 ID00649 0.9578 4375865 49536
650 ID00650 1.2278 4375865 106649
651 ID00651 1.4684 4375865 110615
652 ID00652 736.799 4796860 32232075
653 ID00653 26.8487 4222544 1027697
654 ID00654 41.7809 4586687 474565
655 ID00655 2321.39 266821552 5629349
656 ID00656 353.165 54909546 6488218
657 ID00657 1.1669 4918914 517978
658 ID00658 4.0553 1429714 15040
659 ID00659 1389.7 255238046 3605705
660 ID00660 33 3197525 1017761
661 ID00661 5.0698 1259404 362468
662 ID00662 1.2951 3486436 1392964
663 ID00663 0.1132 1880514 1880514
664 ID00664 1.4241 4375865 51698
665 ID00665 0.8312 4375865 48012
666 ID00666 1.3566 4375865 87243
667 ID00667 1.0394 4375865 80761
668 ID00668 0.6939 4375865 130299
669 ID00669 1.0883 4375865 119971
670 ID00670 1.0652 4375865 90595
671 ID00671 1.6138 4375865 81107
672 ID00672 1.4209 4375865 137240
673 ID00673 1.4591 4375865 100178
674 ID00674 1.1695 4375865 102095
675 ID00675 0.9228 4375865 99836
676 ID00676 1.7572 4375865 123444
677 ID00677 1.3073 4375865 103220
678 ID00678 1.249 4375865 73943
679 ID00679 1.6856 4375865 106311
680 ID00680 1.8965 4375865 61568
681 ID00681 1.4466 4375865 105119
682 ID00682 1.1799 4375865 49019
683 ID00683 1.2219 4375865 128855
684 ID00684 1631.36 4796860 41351184
685 ID00685 35.854 4222544 1076221
686 ID00686 62.8906 4586687 449380
687 ID00687 2374.24 264079214 4804604
688 ID00688 347.966 62637783 7115644
689 ID00689 1.3545 5045933 928997
690 ID00690 5.1697 1436428 15155
691 ID00691 1235.88 260943637 4264418
692 ID00692 33 3608171 1671060
693 ID00693 4.6091 1263408 966054
694 ID00694 2.3084 5286372 1067388
695 ID00695 0.0789 2106893 2106893
696 ID00696 1.7824 4375865 117582
697 ID00697 1.695 4375865 86800
698 ID00698 1.5663 4375865 111406
699 ID00699 1.5859 4375865 55822
700 ID00700 0.8488 4375865 112124
701 ID00701 1.3329 4375865 132573
702 ID00702 1.0497 4375865 54028
703 ID00703 1.2518 4375865 128832
704 ID00704 1.3742 4375865 93310
705 ID00705 1.7732 4375865 82326
706 ID00706 0.8201 4375865 105072
707 ID00707 1.7697 4375865 137384
708 ID00708 1.1748 4375865 90702
709 ID00709 1.6499 4375865 120468
710 ID00710 1.0924 4375865 125412
711 ID00711 0.946 4375865 102401
712 ID00712 1.4406 4375865 119794
713 ID00713 1.0908 4375865 76659
714 ID00714 0.9997 4375865 125253
715 ID00715 1.2083 4375865 128945
716 ID00716 1529.44 4796860 31597974
717 ID00717 37.3722 4222544 1096393
718 ID00718 66.9433 4586687 470078
719 ID00719 1824.27 261569935 4669350
720 ID00720 239.828 53681194 6954268
721 ID00721 1.4662 4632427 910341
722 ID00722 5.8851 1434953 15168
723 ID00723 1390.89 255500615 4027008
724 ID00724 33 3598374 1353677
725 ID00725 4.6025 1263276 1006672
726 ID00726 2.2102 5222569 1480404
727 ID00727 0.0997 1684564 1684564
728 ID00728 1.575 4375865 57699
729 ID00729 1.4355 4375865 130529
730 ID00730 1.2835 4375865 95295
731 ID00731 1.6983 4375865 118529
732 ID00732 1.5488 4375865 105113
733 ID00733 0.8134 4375865 87994
734 ID00734 1.3605 4375865 124445
735 ID00735 1.497 4375865 121784
736 ID00736 1.567 4375865 85407
737 ID00737 1.237 4375865 81798
738 ID00738 1.6077 4375865 71102
739 ID00739 1.4958 4375865 95840
740 ID00740 1.0153 4375865 92333
741 ID00741 1.1367 4375865 58458
742 ID00742 1.4159 4375865 105931
743 ID00743 1.313 4375865 73927
744 ID00744 1.6097 4375865 52994
745 ID00745 1.1828 4375865 125386
746 ID00746 1662.19 4796860 35485036
747 ID00747 36.0396 4222544 1133221
748 ID00748 78.0196 4586687 476904
749 ID00749 2336.4 247336120 5885448
750 ID00750 408.54 58970720 5770094
751 ID00751 1.8089 4454984 799101
752 ID00752 4.9345 1432457 15370
753 ID00753 1286.38 254547530 3924478
754 ID00754 33 3486101 927546
755 ID00755 3.154 1266326 813911
756 ID00756 1.882 4216854 1283568
757 ID00757 0.0636 1658004 1658004
758 ID00758 1.1873 4375865 80231
759 ID00759 1.0722 4375865 66397
760 ID00760 1.1624 4375865 102304
761 ID00761 1.0454 4375865 91151
762 ID00762 0.778 4375865 135738
763 ID00763 1.2687 4375865 68409
764 ID00764 1.6455 4375865 66760
765 ID00765 1.143 4375865 72384
766 ID00766 1.2681 4375865 89076
767 ID00767 1.5551 4375865 123399
768 ID00768 1.3899 4375865 79522
769 ID00769 1.0414 4375865 105407
770 ID00770 1.2491 4375865 94964
771 ID00771 0.9774 4375865 46297
772 ID00772 1.2401 4375865 113025
773 ID00773 1.3404 4375865 94509
774 ID00774 1.6832 4375865 115825
775 ID00775 1.8974 4375865 112606
776 ID00776 2020.54 4796860 39695644
777 ID00777 47.8395 4222544 1115579
778 ID00778 57.3609 4586687 438218
779 ID00779 2077.48 245055891 6801146
780 ID00780 277.532 64378274 6937266
781 ID00781 1.3455 4562328 887291
782 ID00782 4.6188 1438172 14977
783 ID00783 1388.63 253088036 4470644
784 ID00784 33 3569650 957257
785 ID00785 6.6246 1259951 877371
786 ID00786 2.4581 4251787 926052
787 ID00787 0.0966 1481897 1481897
788 ID00788 1.2726 4375865 132681
789 ID00789 0.881 4375865 76030
790 ID00790 0.6507 4375865 52034
791 ID00791 1.7344 4375865 90260
792 ID00792 1.1037 4375865 121893
793 ID00793 1.684 4375865 82992
794 ID00794 1.245 4375865 87395
795 ID00795 1.1612 4375865 98456
796 ID00796 1.3513 4375865 120646
797 ID00797 1.0329 4375865 96179
798 ID00798 1.5758 4375865 70672
799 ID00799 1.0226 4375865 125280
800 ID00800 1.5737 4375865 67322
801 ID00801 0.8464 4375865 93731
802 ID00802 1.078 4375865 76200
803 ID00803 1.1912 4375865 90126
804 ID00804 2022.74 4796860 27191491
805 ID00805 32.2172 4222544 1207358
806 ID00806 37.3092 4586687 434805
807 ID00807 2555.25 255029895 4935915
808 ID00808 250.052 48877102 5859084
809 ID00809 1.6602 4875728 972043
810 ID00810 3.3948 1433140 14939
811 ID00811 1356.18 260665911 4126225
812 ID00812 33 3654229 1490637
813 ID00813 7.3973 1257604 489137
814 ID00814 1.7219 4279325 1354718
815 ID00815 0.0907 2025259 2025259
816 ID00816 1.192 4375865 66328
817 ID00817 1.5491 4375865 125152
818 ID00818 1.3445 4375865 101009
819 ID00819 1.0678 4375865 114938
820 ID00820 1.5309 4375865 67245
821 ID00821 1.396 4375865 90382
822 ID00822 1.4591 4375865 129499
823 ID00823 1.3145 4375865 50838
824 ID00824 1.0748 4375865 110991
825 ID00825 1.3982 4375865 52502
826 ID00826 1.1923 4375865 98400
827 ID00827 0.6515 4375865 71258
828 ID00828 1.2024 4375865 96961
829 ID00829 1.2848 4375865 117017
830 ID00830 0.8514 4375865 116870
831 ID00831 1.0694 4375865 102487
832 ID00832 1.7231 4375865 130316
833 ID00833 1.3869 4375865 135114
834 ID00834 1.4334 4375865 119924
835 ID00835 1.2668 4375865 128028
836 ID00836 1304.95 4796860 33347829
837 ID00837 31.3552 4222544 1114541
838 ID00838 77.1367 4586687 444436
839 ID00839 2830.27 244614096 4083845
840 ID00840 267.135 58805309 6116003
841 ID00841 1.4423 4726756 692323
842 ID00842 6.5285 1438579 15222
843 ID00843 1541.87 264148720 4289861
844 ID00844 33 3374383 1150098
845 ID00845 7.3644 1267700 845722
846 ID00846 2.2481 4882463 1209441
847 ID00847 0.0407 1486546 1486546
848 ID00848 1.7133 4375865 114987
849 ID00849 1.0102 4375865 78236
850 ID00850 1.3885 4375865 51010
851 ID00851 1.6163 4375865 137000
852 ID00852 0.9894 4375865 94032
853 ID00853 1.6879 4375865 126789
854 ID00854 1.5517 4375865 97499
855 ID00855 1.5278 4375865 48671
856 ID00856 0.9662 4375865 95113
857 ID00857 1.47 4375865 95124
858 ID00858 1.1866 4375865 101553
859 ID00859 0.9606 4375865 77196
860 ID00860 1.5246 4375865 78885
861 ID00861 1.1963 4375865 128681
862 ID00862 1.5659 4375865 94360
863 ID00863 1.5061 4375865 67410
864 ID00864 1397.32 4796860 29752230
865 ID00865 38.1258 4222544 1119069
866 ID00866 35.6447 4586687 462836
867 ID00867 3014.89 263991029 6149357
868 ID00868 520.327 56994133 6524581
869 ID00869 1.6631 4603615 724846
870 ID00870 6.2147 1434887 15118
871 ID00871 1423.33 252592093 3438511
872 ID00872 33 3405149 1004277
873 ID00873 5.6394 1261055 775309
874 ID00874 1.8679 4050568 923199
875 ID00875 0.0542 1840574 1840574
876 ID00876 1.0435 4375865 84294
877 ID00877 1.5875 4375865 117504
878 ID00878 1.0132 4375865 128870
879 ID00879 1.7083 4375865 123398
880 ID00880 1.1676 4375865 109864
881 ID00881 0.7737 4375865 126294
882 ID00882 0.9725 4375865 75498
883 ID00883 1.8295 4375865 132540
884 ID00884 1.4435 4375865 112703
885 ID00885 1.1656 4375865 86509
886 ID00886 1.5111 4375865 67803
887 ID00887 0.8546 4375865 96632
888 ID00888 0.7808 4375865 84874
889 ID00889 1.6829 4375865 134313
890 ID00890 1.5487 4375865 66139
891 ID00891 0.8713 4375865 52650
892 ID00892 1.3639 4375865 73484
893 ID00893 1.4684 4375865 60344
894 ID00894 1.0532 4375865 55105
895 ID00895 1.2096 4375865 51756
896 ID00896 873.535 4796860 37561182
897 ID00897 34.1931 4222544 1151115
898 ID00898 47.4409 4586687 452221
899 ID00899 1855.62 273366035 5380490
900 ID00900 450.016 61431176 6600443
901 ID00901 1.9643 4651650 974827
902 ID00902 5.331 1432468 14988
903 ID00903 1479.39 247260250 4298006
904 ID00904 33 3656056 987753
905 ID00905 5.7298 1264124 591771
906 ID00906 1.2941 4216655 1015234
907 ID00907 0.1036 1591428 1591428
908 ID00908 0.8545 4375865 76039
909 ID00909 1.1493 4375865 132976
910 ID00910 1.4401 4375865 127250
911 ID00911 1.2646 4375865 58118
912 ID00912 1.4691 4375865 84777
913 ID00913 1.1275 4375865 103959
914 ID00914 0.8997 4375865 103598
915 ID00915 1.8098 4375865 118138
916 ID00916 1.2936 4375865 107672
917 ID00917 1.6293 4375865 60733
918 ID00918 1.2088 4375865 77583
919 ID00919 1.105 4375865 91920
920 ID00920 1.0421 4375865 63698
921 ID00921 1.0785 4375865 61361
922 ID00922 1.5842 4375865 57467
923 ID00923 0.7392 4375865 119285
924 ID00924 1.0024 4375865 70802
925 ID00925 1.7623 4375865 76052
926 ID00926 1483.25 4796860 38653497
927 ID00927 43.0457 4222544 1156873
928 ID00928 28.8867 4586687 447303
929 ID00929 1892.02 247756904 7193886
930 ID00930 431.071 65818286 6048758
931 ID00931 1.6368 4287743 789255
932 ID00932 6.052 1439170 15128
933 ID00933 1588.48 265598738 4146140
934 ID00934 33 3471301 1381444
935 ID00935 4.7344 1262550 722123
936 ID00936 2.2406 4482426 915632
937 ID00937 0.0729 1588065 1588065
938 ID00938 1.2833 4375865 67774
939 ID00939 1.2425 4375865 55099
940 ID00940 1.1826 4375865 71701
941 ID00941 1.4467 4375865 95801
942 ID00942 1.0231 4375865 97653
943 ID00943 1.2103 4375865 79674
944 ID00944 1.1956 4375865 70419
945 ID00945 1.8237 4375865 52972
946 ID00946 1.5147 4375865 50285
947 ID00947 1.3277 4375865 95132
948 ID00948 1.4203 4375865 109626
949 ID00949 1.3193 4375865 56482
950 ID00950 1.1317 4375865 79201
951 ID00951 1.4783 4375865 110115
952 ID00952 0.6641 4375865 131095
953 ID00953 1.3978 4375865 94599
954 ID00954 0.7715 4375865 92448
955 ID00955 1.1207 4375865 56278
956 ID00956 0.8275 4375865 121711
957 ID00957 764.495 4796860 29573828
958 ID00958 33.8563 4222544 999195
959 ID00959 62.3041 4586687 428651
960 ID00960 1478.68 264988184 6064564
961 ID00961 447.013 57163894 5291273
962 ID00962 1.7052 4137665 877660
963 ID00963 6.37 1432677 15206
964 ID00964 1427.16 253370437 3874312
965 ID00965 33 3560424 1447054
966 ID00966 5.8979 1261296 655363
967 ID00967 1.919 4457121 1238759
