16 28 426 394 150 180 349 199 370 324 521 418 432 548 268 347 481 
15 249 26 420 572 129 395 549 473 45 232 241 390 251 190 118 
14 316 548 127 487 15 551 261 264 452 199 235 140 45 537 
21 69 52 262 408 439 272 467 405 309 410 349 481 478 360 583 494 419 16 181 514 547 
15 563 342 505 492 171 33 138 401 568 407 459 590 578 11 559 
16 261 86 17 394 546 428 114 147 497 232 142 47 43 79 20 233 
22 433 208 56 29 463 593 94 31 338 526 515 579 519 304 201 362 237 88 53 323 157 471 
18 289 401 63 392 225 153 183 336 600 287 553 282 402 550 167 555 189 512 
14 287 394 30 266 97 278 372 568 68 142 332 457 600 519 
26 418 521 340 189 596 182 538 35 359 406 581 301 440 536 580 451 481 549 395 529 445 287 153 214 15 144 
13 371 132 137 21 203 169 544 255 413 534 599 278 361 
18 175 145 589 70 526 149 462 287 250 489 322 296 21 382 196 319 558 36 
15 302 296 270 269 122 564 98 465 484 141 196 166 314 130 388 
15 254 504 269 163 513 142 123 27 283 186 594 399 176 141 295 
14 496 239 381 570 467 77 148 141 415 359 176 270 530 46 
19 501 455 37 392 575 225 577 300 553 362 218 67 120 79 226 22 61 186 348 
20 454 200 242 591 412 531 202 284 251 549 205 81 171 152 359 136 145 335 451 375 
16 134 20 511 411 136 586 452 245 70 361 405 313 224 390 318 56 
21 52 451 122 424 470 456 145 143 77 104 305 430 38 31 402 550 207 51 449 541 486 
14 397 409 534 128 305 96 299 366 531 387 117 26 486 142 
14 29 336 324 430 358 425 474 131 404 264 316 257 588 259 
20 576 102 357 243 422 599 553 413 388 91 131 541 302 166 155 522 571 418 188 106 
17 89 274 498 71 522 403 572 146 494 527 159 484 349 283 52 370 581 
18 220 276 147 562 580 33 253 437 285 318 493 534 449 452 496 381 273 286 
20 414 256 541 298 538 576 370 349 282 574 470 83 196 154 217 185 522 333 323 215 
20 435 200 256 471 275 475 220 164 340 524 380 432 116 206 225 390 353 192 327 501 
18 267 156 443 56 194 49 38 424 366 595 297 401 170 94 68 396 311 533 
19 166 148 282 259 371 234 193 477 424 595 339 95 112 113 404 290 186 470 462 
13 126 281 403 251 457 77 31 560 399 188 266 581 378 
20 455 361 308 309 75 381 287 106 69 467 331 305 268 132 506 394 516 100 182 347 
22 365 107 115 435 297 368 64 533 99 485 40 588 384 158 591 587 509 355 70 417 245 476 
20 330 89 230 246 245 234 293 549 60 256 575 395 321 421 472 437 274 236 275 456 
13 248 534 264 143 102 330 261 270 526 159 358 223 301 
13 128 287 439 70 93 179 514 343 220 405 365 226 205 
19 60 511 429 340 563 378 39 179 281 148 581 195 237 58 497 206 394 457 202 
29 119 54 328 37 124 475 179 457 335 195 317 136 67 112 414 523 262 436 217 517 530 277 210 576 85 405 549 303 586 
20 511 175 393 396 118 197 307 265 92 598 140 558 427 531 495 241 258 485 476 298 
14 590 212 66 579 72 245 258 373 69 112 235 510 446 358 
25 52 581 537 561 532 158 472 78 83 224 223 101 220 133 538 506 116 243 240 590 458 361 566 398 557 
22 101 342 41 327 118 117 331 425 277 495 389 174 515 374 452 466 411 197 68 439 175 123 
19 162 370 128 185 429 294 91 427 489 589 524 428 332 509 86 165 166 468 554 
14 581 388 115 546 219 261 270 376 280 522 62 131 99 179 
12 59 284 175 291 237 217 250 223 54 592 61 218 
18 493 353 55 158 583 91 304 324 451 560 64 166 383 205 238 259 160 184 
7 538 311 578 382 307 546 448 
21 143 83 65 85 148 54 140 376 157 504 431 547 560 90 185 294 308 296 291 208 523 
13 183 90 115 135 127 162 466 86 397 473 374 479 594 
17 137 555 561 556 177 235 343 418 367 167 427 515 256 324 243 400 345 
15 276 523 492 376 567 508 228 279 113 380 373 176 170 96 236 
24 74 428 381 475 79 372 297 259 391 411 66 392 222 396 345 561 120 163 233 305 317 258 446 115 
11 175 121 180 260 66 96 201 63 104 426 419 
19 500 82 303 528 391 586 395 287 350 265 486 475 478 226 279 141 250 222 217 
20 88 515 539 576 330 516 562 244 526 427 70 130 154 290 583 136 382 527 351 301 
14 169 598 141 292 160 319 147 560 125 481 294 106 157 556 
17 410 78 136 111 381 192 348 262 588 207 515 317 309 376 169 428 215 
14 393 400 330 276 379 525 542 369 381 321 559 362 283 345 
19 465 392 150 151 224 113 195 421 298 596 197 485 393 388 316 439 527 360 553 
28 263 595 510 85 473 329 588 600 94 176 519 313 217 392 542 251 155 171 281 349 159 560 368 334 590 462 143 175 
18 468 472 155 80 187 375 404 127 502 547 98 570 226 385 378 152 134 446 
13 169 591 143 159 363 440 453 144 320 558 328 490 264 
15 577 455 100 71 379 579 224 140 597 125 439 469 569 312 335 
8 503 520 299 276 292 262 140 201 
21 512 530 595 195 462 574 119 388 409 307 129 434 577 189 214 381 379 386 161 169 597 
18 91 220 191 104 412 283 200 392 424 365 565 212 489 279 338 502 465 458 
18 142 94 307 209 467 480 91 267 363 239 181 321 351 168 143 455 362 498 
23 372 536 453 252 527 141 509 249 229 171 504 200 340 70 116 361 100 526 165 376 436 552 553 
16 380 399 303 367 76 193 170 121 362 517 98 178 258 171 246 546 
16 156 557 393 571 397 239 561 568 178 431 340 570 231 386 115 327 
12 449 171 176 598 445 288 444 301 178 315 394 208 
14 428 382 531 536 122 515 361 581 297 274 327 393 285 77 
20 294 91 299 286 600 449 259 256 438 284 218 164 75 212 575 342 485 202 344 146 
20 106 536 419 472 407 189 94 176 294 83 114 533 367 188 598 500 173 140 492 254 
16 443 410 251 544 457 598 465 270 466 462 396 488 541 386 446 338 
19 302 112 569 106 554 518 151 357 358 278 354 551 318 495 267 446 424 465 428 
21 166 545 483 564 399 134 397 459 283 469 357 404 108 86 433 386 486 200 315 600 362 
23 419 423 232 592 176 206 138 427 220 465 370 484 362 197 472 471 336 202 359 248 281 190 191 
16 393 287 425 104 566 443 560 225 197 340 385 419 183 368 531 248 
18 230 464 311 184 443 385 268 325 418 499 398 260 579 386 364 246 316 141 
19 286 519 240 261 491 277 233 95 260 285 141 96 81 384 283 572 560 134 313 
18 136 299 424 188 586 569 119 580 579 438 121 98 303 141 237 551 505 485 
13 308 367 293 388 482 372 198 410 83 230 154 222 366 
12 273 146 457 249 596 364 250 567 280 331 341 592 
18 135 300 541 533 290 585 246 524 144 592 141 277 549 131 207 296 505 108 
18 572 442 163 316 312 506 344 120 587 128 195 423 559 424 267 280 433 133 
17 171 261 241 589 534 311 519 561 194 359 299 121 461 186 86 407 130 
17 116 579 583 418 126 228 444 110 349 380 286 334 119 507 220 457 256 
17 330 475 305 182 598 509 285 513 292 500 136 256 435 471 420 581 123 
19 405 335 600 174 416 439 293 210 501 422 472 568 328 535 579 537 592 179 239 
15 235 364 565 428 201 208 373 114 333 374 290 413 523 171 443 
18 332 296 522 115 396 276 395 240 329 465 381 349 421 261 205 99 406 156 
13 123 441 393 480 446 199 570 235 596 482 332 309 210 
9 515 107 262 593 336 255 324 447 143 
17 538 150 429 258 107 183 455 205 251 376 235 421 314 113 509 449 268 
15 556 226 406 401 416 298 484 196 502 419 182 228 110 104 512 
18 397 117 527 403 383 277 425 479 519 170 503 448 152 540 595 430 451 222 
20 328 287 478 448 591 431 402 383 594 265 551 217 168 572 119 304 289 118 232 243 
14 599 102 360 153 595 587 558 284 471 333 379 552 564 527 
16 458 178 428 423 386 184 466 420 140 231 513 304 238 262 553 435 
17 128 497 430 434 406 565 447 297 592 433 219 177 113 355 524 326 155 
13 582 563 166 571 134 188 357 287 572 515 164 320 297 
14 118 467 481 528 591 261 177 570 532 473 465 258 175 309 
17 511 134 522 367 120 342 166 294 126 335 311 248 213 521 525 386 548 
15 577 182 121 312 364 254 132 302 451 426 542 122 394 193 313 
17 425 547 210 315 324 340 580 467 190 204 540 533 143 199 597 585 285 
14 478 233 255 531 544 278 290 418 134 177 155 183 581 343 
15 509 486 480 590 438 290 356 397 530 497 405 129 430 194 556 
21 444 293 190 534 393 155 266 466 332 396 263 582 278 574 463 497 461 485 400 337 144 
17 504 154 489 125 274 565 495 246 148 181 483 517 112 424 187 547 241 
13 500 484 599 371 387 350 152 184 411 233 574 142 338 
28 546 140 508 171 575 366 149 220 315 518 552 420 512 478 505 333 263 393 514 299 522 535 257 173 274 348 381 204 
29 450 490 120 223 336 434 520 447 337 509 303 594 485 326 533 350 198 367 149 510 333 457 581 176 295 439 496 168 187 
13 214 151 118 122 569 581 192 346 185 387 243 283 478 
9 272 588 304 392 476 525 243 577 479 
20 304 130 499 117 177 502 226 181 527 423 576 553 205 319 552 501 579 431 146 229 
11 145 311 342 562 295 357 261 268 524 525 491 
10 441 348 286 417 384 552 240 338 222 292 
22 354 260 455 136 544 449 487 482 270 432 597 511 358 150 393 278 154 322 305 363 266 417 
19 339 463 300 498 399 560 286 518 494 130 149 421 396 231 187 412 563 568 543 
12 210 397 587 486 386 401 331 286 408 402 309 235 
19 188 379 164 170 511 584 378 391 239 213 396 219 594 408 562 142 457 585 578 
12 465 274 577 314 280 247 171 132 141 339 554 278 
21 421 405 175 233 248 433 207 462 327 260 124 187 485 227 378 454 358 222 185 219 149 
10 296 248 452 534 488 320 351 292 405 324 
18 450 569 199 136 457 541 394 485 343 386 383 515 460 534 190 183 436 216 
14 546 392 570 224 191 367 229 515 365 159 187 227 192 170 
5 187 497 247 419 338 
16 259 505 421 577 275 168 399 386 242 330 167 324 597 266 510 533 
12 213 142 335 441 437 527 300 509 161 355 371 340 
10 240 571 154 471 297 390 428 272 304 341 
11 378 368 435 570 541 428 453 432 327 237 249 
12 241 208 478 144 270 167 145 490 561 314 493 356 
10 567 526 519 387 155 193 556 136 282 405 
10 253 599 532 140 436 393 231 479 383 203 
17 419 192 155 506 433 221 553 498 310 219 318 439 289 424 464 376 475 
12 294 600 143 253 560 504 529 248 391 286 266 414 
6 232 176 324 519 467 154 
9 410 528 498 448 473 312 580 267 265 
13 340 197 460 404 541 518 277 339 365 467 257 419 395 
8 458 372 339 257 442 585 268 212 
7 454 168 143 581 479 552 385 
8 500 507 425 484 206 307 246 236 
8 207 474 463 195 147 499 497 236 
11 454 531 430 572 489 249 326 596 327 395 408 
9 580 304 509 210 196 362 545 548 201 
13 215 361 444 436 507 534 238 180 201 282 322 151 261 
16 241 211 314 265 361 570 444 180 591 238 506 307 165 276 447 320 
12 405 425 489 387 491 282 150 236 355 320 307 313 
10 309 300 173 496 365 510 194 385 410 213 
12 329 271 391 303 346 156 280 471 466 306 585 543 
11 540 598 260 300 228 290 569 271 237 488 452 
6 425 377 583 248 579 578 
11 420 483 239 523 309 287 384 265 247 314 284 
17 488 228 540 355 548 567 569 243 418 417 564 302 156 408 586 172 349 
15 588 212 522 266 488 494 535 178 542 280 478 392 511 440 164 
17 537 179 173 163 424 522 553 482 540 160 283 575 481 598 385 519 403 
18 407 485 341 576 552 313 413 383 508 469 391 310 251 183 503 429 168 476 
14 178 460 526 582 281 503 196 371 429 218 477 309 333 250 
10 596 247 161 344 435 448 586 218 482 438 
12 489 278 478 201 362 487 291 318 335 332 387 588 
16 289 544 337 557 162 323 365 249 473 533 233 572 554 320 527 301 
8 436 216 385 526 334 367 279 509 
14 305 542 191 192 435 496 189 346 448 505 563 461 426 326 
14 492 474 505 240 471 531 448 586 237 204 561 427 180 512 
11 575 176 384 512 549 299 172 340 544 250 482 
7 375 404 338 309 490 357 548 
11 232 558 326 255 355 520 435 240 511 207 226 
20 577 395 451 259 358 376 540 236 526 221 365 318 550 288 377 549 254 529 510 485 
13 438 209 567 536 376 596 213 528 285 188 251 368 446 
10 356 246 432 588 418 543 350 179 459 474 
18 195 558 315 172 494 185 356 471 403 423 567 425 547 241 297 484 420 401 
16 357 248 500 264 280 200 210 529 348 475 586 300 425 416 315 313 
8 538 390 405 235 404 582 371 222 
17 416 326 259 499 539 479 216 556 520 200 222 526 344 321 421 292 193 
14 456 221 550 428 527 419 564 217 475 372 286 278 410 407 
16 264 265 289 290 389 599 196 198 467 533 294 417 514 262 188 427 
10 179 405 201 562 432 331 448 478 463 497 
16 490 556 464 433 570 314 589 547 499 593 530 508 419 227 359 338 
14 247 589 210 398 474 478 222 185 338 582 365 493 257 515 
19 318 370 526 293 240 284 485 282 373 395 558 378 483 195 404 192 307 475 212 
17 348 548 429 194 518 362 575 527 237 220 394 364 207 245 580 337 182 
14 328 267 280 439 342 413 336 195 599 557 404 395 511 221 
13 395 481 256 294 565 478 289 417 261 183 350 186 579 
6 340 531 487 429 304 550 
12 279 217 511 591 573 285 218 211 236 419 208 489 
9 295 580 504 195 202 449 535 193 519 
14 218 237 451 390 439 415 262 546 425 247 600 375 582 298 
14 359 429 407 250 190 551 406 245 571 566 427 560 508 360 
9 277 240 291 197 207 196 262 493 390 
8 276 466 354 497 591 239 401 273 
17 233 473 250 242 440 343 385 578 570 210 495 579 554 565 294 501 492 
12 288 477 236 590 454 527 218 268 326 317 486 216 
11 364 480 382 215 210 538 207 507 236 381 442 
8 336 369 337 371 449 340 253 215 
6 544 311 471 341 479 531 
9 291 461 314 353 565 324 595 393 240 
6 493 246 473 527 547 287 
15 384 279 422 545 491 358 599 250 420 588 335 507 553 306 339 
15 403 380 215 578 414 379 213 301 558 556 533 229 540 313 269 
9 252 404 582 507 319 355 203 458 312 
12 418 595 385 473 517 266 225 345 264 267 411 400 
18 452 460 322 314 522 417 502 471 403 324 475 515 230 514 508 553 520 304 
13 446 578 234 544 595 523 263 407 521 571 356 219 339 
10 297 549 442 284 525 508 316 506 215 281 
11 552 285 483 448 262 409 487 254 251 250 418 
12 391 583 444 571 275 288 277 253 289 342 431 287 
9 230 365 319 389 487 523 218 261 442 
13 404 235 215 277 485 296 276 553 598 281 536 521 284 
16 595 277 315 539 303 386 545 486 433 440 413 393 408 312 454 246 
8 306 356 486 450 305 432 519 346 
13 401 330 270 569 431 502 585 292 391 319 386 289 437 
16 489 576 220 426 237 388 238 523 497 327 543 457 547 438 450 520 
4 502 406 466 260 
10 538 273 569 387 424 591 254 265 299 403 
9 300 566 260 381 587 513 288 544 271 
13 319 345 270 314 448 417 324 584 568 280 369 586 443 
11 372 265 533 364 227 386 256 519 484 458 504 
10 459 390 326 433 221 514 344 584 586 313 
8 472 463 489 284 321 251 564 570 
10 296 458 441 528 304 556 384 570 464 472 
13 457 594 224 394 579 261 542 483 538 271 431 580 420 
14 441 248 300 301 558 597 545 353 366 309 351 481 376 579 
16 448 361 531 392 271 297 456 351 503 543 446 357 341 416 400 529 
10 267 515 299 356 556 548 489 266 523 245 
20 556 510 311 383 456 328 304 396 466 525 285 484 554 335 584 460 509 245 437 369 
9 393 267 536 516 231 498 474 361 366 
10 240 268 366 252 467 500 274 232 542 291 
9 315 413 463 313 377 301 375 404 573 
8 320 439 498 598 308 392 595 577 
8 471 298 254 400 312 317 235 500 
14 547 401 273 379 553 248 490 317 461 542 358 443 513 289 
8 272 284 491 517 301 343 409 591 
9 334 464 479 278 458 523 268 546 540 
13 370 588 341 454 372 236 291 456 561 495 477 387 373 
14 528 511 286 445 459 235 334 405 257 251 551 474 300 305 
8 345 490 526 293 510 530 258 242 
12 317 479 253 415 433 519 318 250 304 583 382 408 
13 596 286 258 461 464 573 269 245 384 520 582 451 477 
6 367 415 244 598 338 345 
11 384 496 427 539 365 269 517 342 302 370 360 
10 462 485 588 356 379 251 357 454 448 591 
7 282 447 249 403 272 527 565 
9 312 451 281 516 471 284 463 325 413 
10 538 308 585 576 541 260 580 405 256 373 
7 322 453 289 258 297 455 248 
8 310 395 329 596 406 560 469 300 
14 513 280 295 330 583 376 510 579 380 600 399 353 286 274 
8 538 297 288 394 444 535 481 413 
14 521 362 281 295 433 452 519 456 483 558 288 487 376 294 
14 290 497 315 420 461 528 479 542 589 391 375 505 561 567 
8 435 389 540 350 376 447 360 371 
6 482 478 330 318 505 320 
13 384 541 303 407 449 402 451 459 432 378 268 326 530 
13 409 471 396 430 259 265 272 539 494 417 538 398 592 
8 560 540 304 267 325 520 412 569 
5 535 483 284 262 580 
10 584 374 492 546 515 443 420 503 488 375 
14 367 454 304 383 576 358 374 569 432 336 315 540 344 512 
10 514 531 464 390 491 580 433 558 505 489 
5 511 315 357 584 382 
12 599 551 422 409 498 270 481 338 323 328 475 555 
12 574 445 497 487 273 313 305 401 311 459 265 593 
16 530 591 552 312 471 371 420 498 582 311 516 572 529 318 397 426 
7 552 457 472 408 304 379 461 
7 594 469 425 285 473 341 393 
9 454 394 460 401 497 304 318 511 550 
9 467 328 476 506 411 492 272 563 320 
11 322 518 427 313 424 555 306 377 422 426 505 
14 440 494 419 511 457 592 519 331 503 366 272 409 563 439 
14 407 539 296 439 414 288 518 529 387 489 360 573 464 587 
11 302 571 338 598 285 277 513 358 272 322 533 
9 350 490 454 598 322 275 285 568 537 
13 414 309 455 461 465 315 293 555 360 417 390 397 375 
8 386 590 553 282 346 595 536 457 
6 480 429 554 586 412 502 
11 304 433 330 557 317 424 413 569 505 504 378 
7 449 504 508 475 430 515 316 
9 362 459 365 391 388 464 278 326 541 
13 578 483 551 322 436 591 537 594 517 532 538 399 585 
11 523 462 355 344 480 571 488 489 473 302 555 
15 393 522 586 464 583 329 364 534 531 579 301 403 600 472 449 
5 466 590 390 420 355 
10 414 519 360 311 415 427 410 598 457 398 
11 395 485 425 518 414 312 596 335 445 399 349 
9 421 485 534 368 594 461 548 470 597 
14 412 416 433 382 559 312 301 323 464 338 541 402 349 389 
11 428 323 309 351 527 301 454 567 393 519 469 
10 399 592 574 323 572 507 345 532 555 566 
10 456 474 479 332 369 326 508 526 398 590 
15 424 504 549 296 344 530 488 414 290 469 431 485 595 514 479 
7 339 537 539 506 488 559 464 
14 495 306 500 430 315 589 390 307 595 488 354 351 429 497 
8 367 447 522 511 324 308 378 493 
8 561 544 466 319 481 569 393 394 
10 387 555 312 307 570 342 402 396 438 523 
12 327 353 396 579 318 460 397 414 399 423 413 590 
6 504 554 516 426 342 474 
7 390 338 388 576 509 517 589 
8 564 451 370 583 348 384 472 497 
6 377 563 422 302 471 478 
4 312 324 396 418 
9 516 527 495 344 473 537 571 597 573 
12 455 356 383 497 344 414 594 541 513 417 581 479 
7 399 365 594 585 404 579 336 
8 470 402 570 338 327 549 396 430 
7 397 566 480 493 555 345 527 
10 477 376 415 413 546 452 451 488 350 588 
10 392 451 583 578 535 430 529 465 475 347 
9 584 414 554 313 339 413 466 482 393 
10 389 440 551 328 374 320 562 475 312 315 
13 497 514 336 594 561 320 390 438 600 358 538 313 537 
7 354 527 379 506 387 514 444 
11 599 575 358 498 384 518 473 466 515 549 474 
14 438 398 550 363 509 420 491 434 477 526 362 346 391 399 
15 497 361 518 511 463 391 482 600 402 430 472 354 579 329 513 
11 329 425 558 550 457 390 423 537 521 414 419 
10 347 580 320 329 422 413 448 524 495 343 
11 447 533 497 538 450 350 326 327 427 520 458 
13 522 413 479 540 365 508 501 491 592 379 577 514 382 
14 338 569 350 538 564 588 544 413 406 439 328 565 479 561 
8 462 344 524 529 385 322 443 376 
5 358 501 389 399 565 
12 419 323 392 480 331 334 333 375 451 567 433 584 
6 394 448 509 553 485 531 
7 557 421 399 377 543 434 600 
10 479 447 367 426 526 557 578 365 522 556 
6 478 551 460 334 598 436 
13 572 532 478 461 590 472 473 574 408 346 328 570 387 
6 427 479 448 382 495 380 
9 497 449 479 418 496 389 544 335 400 
6 350 571 462 520 572 364 
5 373 566 558 561 524 
7 356 409 463 395 385 366 491 
8 412 403 553 586 478 342 585 558 
8 549 588 436 599 553 459 437 488 
13 480 556 364 414 415 464 524 374 478 339 400 494 538 
9 482 563 450 499 403 392 479 574 591 
7 502 376 360 524 521 386 466 
10 404 575 513 589 359 578 483 407 456 514 
9 567 469 411 421 462 470 575 534 465 
6 490 581 489 372 483 447 
11 593 441 592 489 513 567 439 363 582 599 591 
7 413 599 476 571 510 558 468 
7 535 579 428 404 564 582 398 
10 591 459 347 498 508 374 522 428 361 599 
10 496 374 539 594 409 434 438 541 371 576 
8 527 435 432 372 483 487 463 490 
6 385 586 533 545 432 439 
10 397 449 523 439 549 510 470 573 385 496 
8 574 479 552 529 562 464 358 514 
7 519 592 370 461 381 367 420 
5 588 574 396 500 392 
6 365 502 466 371 569 378 
8 405 482 434 466 557 447 496 515 
6 482 455 466 579 597 588 
6 390 392 600 402 366 490 
5 500 469 530 549 488 
7 517 419 499 456 388 374 507 
4 476 570 574 412 
7 453 472 478 417 561 540 416 
9 450 368 477 505 537 560 572 528 496 
9 415 516 511 364 552 505 406 583 508 
16 571 586 396 590 457 380 505 580 513 558 476 490 498 572 399 440 
11 599 447 372 554 507 473 378 561 429 526 500 
10 485 392 393 396 518 540 585 420 480 598 
8 435 431 502 378 533 532 519 451 
8 485 565 497 535 452 455 582 494 
13 378 374 521 594 482 398 569 563 406 589 539 540 538 
3 595 503 422 
3 508 479 568 
12 549 558 527 475 466 377 409 514 571 510 385 372 
6 401 421 509 521 397 492 
8 577 524 418 452 522 424 502 421 
4 489 554 571 527 
11 537 435 547 411 457 482 580 395 588 445 524 
2 479 451 
4 577 481 412 468 
9 480 458 462 422 534 388 481 383 553 
7 482 535 490 514 552 432 438 
7 452 381 407 389 510 506 585 
9 536 566 599 600 453 474 547 526 465 
7 406 432 510 429 534 571 469 
8 446 590 580 462 408 575 541 560 
6 456 591 481 542 583 486 
5 432 591 446 572 484 
9 598 524 560 477 509 436 494 507 575 
10 499 491 444 473 511 507 586 481 392 458 
9 462 577 403 568 446 515 453 548 434 
6 581 444 509 552 442 485 
5 399 401 539 402 547 
4 536 417 410 518 
4 528 564 536 495 
4 581 551 545 440 
8 478 484 454 406 539 488 516 548 
7 490 503 544 511 485 395 592 
5 499 419 496 564 439 
7 466 425 416 408 450 491 594 
6 586 440 470 541 571 413 
5 418 463 501 526 448 
11 559 544 535 411 484 431 582 462 409 442 457 
8 411 583 487 467 474 543 558 402 
4 460 403 547 453 
5 563 500 583 415 554 
11 474 414 459 410 561 587 445 469 599 420 579 
6 467 461 479 411 431 516 
5 456 499 464 451 420 
5 440 506 586 582 479 
4 477 551 535 597 
5 455 502 461 527 441 
8 418 573 546 535 497 496 426 593 
4 411 534 432 446 
4 497 502 420 439 
8 428 449 476 450 452 534 432 491 
4 467 491 483 585 
4 505 485 500 522 
7 588 537 587 553 525 421 485 
7 418 431 576 503 499 575 528 
5 542 492 475 459 545 
7 474 461 510 582 482 445 542 
4 496 506 528 492 
4 571 578 437 520 
6 520 447 509 481 426 542 
9 543 489 461 554 453 495 506 504 432 
4 486 469 428 559 
9 468 519 517 515 584 488 558 495 561 
4 567 463 538 438 
7 501 436 515 505 527 434 593 
4 570 566 524 599 
1 502 
8 469 443 506 550 566 466 570 576 
2 472 562 
4 597 486 547 437 
6 506 513 532 446 492 552 
6 549 451 521 598 533 485 
3 572 494 585 
7 482 500 514 525 502 451 527 
10 479 467 533 563 566 483 535 453 590 487 
4 491 466 511 440 
4 498 547 480 578 
9 567 589 592 596 573 463 478 486 455 
6 448 524 467 539 540 464 
4 556 467 494 577 
4 514 549 495 555 
7 537 594 565 454 573 467 507 
8 592 548 572 483 481 576 466 505 
4 567 473 532 527 
5 576 512 588 468 553 
5 591 530 458 490 468 
3 520 591 579 
2 481 511 
7 533 539 515 530 471 511 529 
4 468 550 493 486 
3 561 523 562 
5 574 560 531 530 519 
7 581 574 555 571 558 542 548 
4 508 465 521 527 
3 593 547 516 
6 468 567 578 491 594 545 
3 567 462 539 
6 596 526 548 470 466 520 
8 493 491 544 529 500 496 548 495 
3 522 516 584 
4 568 495 533 509 
3 552 579 542 
3 542 590 467 
3 479 540 470 
2 577 596 
5 580 569 512 549 526 
3 537 535 516 
6 513 479 543 503 591 562 
2 544 540 
3 507 514 526 
5 552 569 517 550 558 
6 597 566 551 582 533 509 
8 505 476 500 508 539 534 498 578 
5 479 536 503 597 490 
5 577 536 526 593 556 
3 592 493 505 
1 570 
5 531 544 552 498 494 
4 554 572 541 525 
3 595 576 513 
3 533 581 583 
7 532 558 550 596 586 504 508 
3 557 500 584 
5 562 539 588 537 514 
4 528 564 526 587 
4 538 581 518 545 
3 522 585 546 
4 555 506 518 566 
3 505 576 503 
3 585 522 596 
4 567 592 503 583 
3 526 578 579 
1 538 
1 597 
4 510 540 561 544 
0  
2 518 521 
4 559 586 531 564 
5 570 565 566 555 596 
6 582 542 555 561 557 512 
4 539 597 559 594 
1 544 
1 581 
4 541 577 566 537 
2 548 513 
4 598 516 582 599 
1 576 
4 572 517 514 600 
7 542 586 541 536 545 511 552 
2 556 577 
1 593 
3 576 518 517 
1 527 
3 524 532 544 
7 598 573 560 585 549 559 550 
3 584 589 545 
1 555 
1 546 
5 531 544 563 546 538 
1 531 
3 600 559 553 
1 571 
5 551 560 545 549 598 
3 600 571 541 
2 587 559 
1 595 
2 534 594 
1 576 
2 554 557 
2 580 554 
3 546 574 588 
1 549 
3 599 536 573 
2 548 593 
0  
1 579 
1 555 
1 579 
2 549 546 
4 571 572 587 547 
0  
2 548 560 
1 551 
3 557 597 584 
1 579 
1 580 
0  
1 562 
2 574 597 
3 574 579 569 
2 559 561 
1 579 
0  
2 564 594 
1 596 
1 597 
1 590 
1 591 
0  
1 588 
0  
0  
1 570 
0  
1 599 
0  
0  
1 597 
0  
0  
3 591 588 586 
0  
2 587 599 
1 594 
0  
1 599 
0  
0  
0  
2 585 596 
2 600 595 
0  
0  
1 593 
0  
1 595 
1 591 
1 598 
0  
0  
0  
0  
0  
0  
0  
0  
0  
0  
0  