19 297 470 324 54 252 581 197 530 248 524 394 481 258 353 533 415 214 567 493 
24 369 328 372 160 216 63 240 245 265 236 532 36 490 564 597 30 499 411 228 451 371 243 219 56 
16 101 290 218 474 256 316 318 98 339 226 510 201 576 550 536 29 
17 418 85 445 264 11 527 358 583 344 566 197 214 283 304 596 585 227 
19 75 314 321 113 142 237 452 392 153 99 595 588 310 82 220 393 167 171 242 
24 220 517 301 71 583 281 483 138 176 418 58 205 218 555 589 168 114 302 10 150 588 170 326 343 
11 580 395 583 543 475 469 254 180 135 309 312 
18 432 514 198 160 383 79 177 211 302 599 521 558 575 149 42 347 262 550 
17 512 253 599 314 245 33 407 595 260 239 394 475 28 228 454 29 598 
18 578 152 502 338 181 192 286 64 99 186 166 84 226 544 400 288 570 95 
16 99 176 317 205 419 78 564 262 56 186 15 69 358 350 260 348 
18 218 244 348 504 540 491 359 285 334 139 262 279 395 421 454 343 450 81 
12 506 114 29 275 177 235 430 31 555 488 427 193 
20 317 248 311 29 73 242 540 214 203 427 205 380 588 160 169 31 483 204 276 245 
15 133 151 585 362 215 271 531 299 148 294 149 373 368 339 235 
17 248 369 306 473 275 544 536 40 461 434 112 44 489 450 468 338 545 
14 484 512 105 343 420 499 77 21 539 497 418 337 566 407 
23 443 287 62 237 167 544 518 22 199 254 356 432 477 303 347 131 182 421 542 68 476 288 445 
21 207 114 39 142 131 587 417 177 229 205 29 570 194 457 526 395 597 323 41 64 524 
27 56 539 102 365 544 440 597 565 31 495 420 386 334 51 59 60 500 451 166 164 148 36 368 241 492 283 290 
19 268 494 265 35 220 493 579 241 545 353 100 53 449 325 192 33 489 553 463 
17 190 297 246 253 202 243 355 262 210 537 378 404 433 441 43 291 497 
17 46 86 485 398 216 245 495 57 505 300 264 537 513 186 328 221 427 
21 289 78 595 52 325 235 435 148 27 347 182 93 441 140 166 137 552 345 442 460 299 
12 353 465 474 205 160 490 469 147 355 113 390 446 
15 325 184 190 579 165 596 265 488 204 35 533 396 422 468 199 
17 166 598 477 199 555 210 600 66 170 430 184 250 87 414 196 183 328 
25 170 382 139 387 227 388 202 72 69 268 364 31 138 396 581 74 291 136 150 447 228 576 558 492 584 
16 57 430 500 331 361 416 188 465 411 402 173 227 179 436 229 253 
11 504 284 434 181 187 111 312 370 497 452 165 
16 505 473 400 446 595 101 426 80 257 236 191 281 113 49 490 534 
18 229 415 156 227 576 355 325 438 493 53 503 502 127 568 183 201 443 67 
21 93 307 217 381 483 218 376 98 389 460 519 517 503 92 470 581 257 489 103 157 409 
15 305 289 491 44 258 395 122 567 370 490 270 153 564 240 239 
17 402 135 395 254 117 277 478 80 443 321 132 148 576 455 221 346 598 
14 165 125 40 48 571 91 580 210 105 220 591 275 426 374 
11 47 181 546 238 197 78 182 483 361 358 389 
18 240 451 558 409 385 554 137 290 107 166 215 364 270 390 146 547 360 56 
16 434 180 282 111 259 349 542 375 184 535 570 430 245 482 178 588 
16 539 448 592 165 452 249 308 58 134 596 273 228 449 106 260 325 
18 543 304 287 268 252 344 305 116 545 154 433 348 456 174 446 382 139 588 
17 167 190 324 248 556 209 315 471 524 55 463 507 480 211 520 399 132 
18 290 182 97 245 249 209 518 380 571 483 513 399 346 331 491 550 545 115 
16 485 490 261 244 96 187 319 436 73 116 350 360 345 224 515 237 
13 538 65 401 349 243 405 353 263 453 215 197 313 517 
14 117 481 173 531 295 480 245 119 447 353 569 413 181 258 
12 567 378 513 165 161 237 364 452 249 554 450 475 
15 178 238 279 470 343 543 253 227 249 311 198 67 205 111 138 
11 254 394 91 107 58 333 526 281 557 476 411 
17 405 128 171 460 508 223 158 443 263 555 300 212 476 249 285 413 159 
18 427 555 239 505 84 434 452 349 402 281 264 262 172 431 313 282 256 359 
19 504 170 131 281 488 254 569 317 171 194 288 399 276 553 76 575 341 286 241 
14 536 263 482 312 131 394 308 496 576 499 220 216 584 529 
15 371 294 556 91 386 78 413 128 200 202 457 66 521 191 135 
16 247 139 228 243 538 312 109 116 413 73 87 256 175 218 411 393 
14 73 180 533 289 60 234 317 178 562 98 528 59 233 283 
14 271 215 360 533 259 313 329 84 293 78 300 408 283 488 
17 380 321 191 140 227 342 387 432 201 588 536 523 137 206 405 473 75 
12 209 400 517 190 189 68 296 252 593 380 545 219 
16 248 400 571 498 64 264 468 157 122 221 289 101 282 569 167 284 
19 310 412 439 117 93 414 333 557 550 559 553 510 425 123 400 317 345 389 139 
16 266 90 360 327 89 598 538 485 375 542 519 181 180 87 241 199 
7 75 396 370 485 86 451 227 
21 585 390 331 279 92 230 119 531 173 97 413 553 499 112 546 510 161 259 269 417 307 
16 478 231 406 415 183 259 260 567 297 253 449 103 352 543 180 144 
10 580 292 500 242 437 357 569 560 207 517 
8 283 446 528 358 188 271 586 565 
9 257 217 252 528 235 159 239 571 99 
18 450 419 363 96 438 213 281 214 200 321 345 459 162 220 75 468 192 169 
12 254 336 590 453 407 513 420 327 237 116 131 325 
15 174 591 567 517 165 503 418 272 558 477 95 376 498 367 256 
16 140 403 214 178 182 409 429 186 317 457 370 585 392 95 563 334 
20 376 478 459 81 398 483 295 477 206 436 599 556 531 421 530 441 472 168 198 153 
11 248 358 422 160 344 506 587 194 397 507 433 
17 189 178 484 591 320 316 429 229 585 485 136 330 232 272 351 524 170 
23 310 309 199 454 492 247 279 114 195 117 154 598 410 567 419 230 500 140 232 288 90 453 556 
20 403 396 151 339 242 525 238 426 226 208 143 345 338 266 572 438 451 368 344 144 
20 423 125 455 109 276 131 481 360 383 302 407 275 570 285 399 320 544 522 203 446 
17 131 183 351 426 457 113 244 518 169 507 441 80 362 343 161 584 276 
13 420 252 280 354 373 309 497 412 508 588 244 232 219 
20 202 359 274 443 596 427 109 419 242 358 416 447 534 241 260 219 243 378 223 513 
23 504 528 351 256 107 228 187 261 342 293 217 465 206 365 268 203 88 112 479 587 420 344 275 
12 400 464 247 378 426 219 174 535 384 207 569 412 
20 408 218 352 149 192 375 260 449 324 122 379 118 244 126 283 535 564 484 182 584 
23 597 267 379 533 397 228 257 390 219 591 188 378 138 584 161 380 403 210 315 402 391 549 334 
15 115 331 311 414 529 570 517 255 562 293 475 131 338 95 119 
14 568 452 248 385 185 189 583 450 483 518 315 406 117 308 
11 479 562 130 309 499 412 417 520 453 580 163 
10 330 247 453 242 367 250 340 237 223 388 
22 363 489 460 310 558 240 151 555 389 419 415 107 368 351 303 600 474 360 357 348 327 306 
17 153 351 119 542 399 299 94 149 135 105 193 401 291 403 413 593 544 
12 281 148 314 515 535 261 368 176 410 213 103 354 
24 101 598 597 459 465 487 330 127 344 119 371 255 200 288 544 295 398 113 535 496 413 570 572 276 
13 104 556 450 280 237 132 227 295 537 433 181 206 467 
15 577 474 506 361 223 594 355 287 130 162 254 565 300 195 114 
13 112 446 140 292 385 531 209 513 171 185 204 505 325 
12 331 329 181 352 581 402 315 260 184 251 593 476 
14 424 382 437 354 431 128 378 459 224 305 119 512 192 364 
20 312 133 302 235 216 535 483 229 528 571 375 313 204 440 170 319 404 399 256 452 
21 504 402 236 123 347 114 471 151 554 104 589 179 254 410 583 521 587 364 489 565 477 
18 416 425 459 560 174 212 444 594 243 485 509 107 287 599 499 142 528 221 
19 297 474 348 292 156 274 137 515 452 593 358 160 360 347 412 313 549 220 391 
12 406 251 219 438 546 343 114 504 583 562 297 314 
8 183 165 392 403 479 290 498 562 
15 400 239 305 261 507 488 171 418 317 259 312 214 264 432 233 
11 170 455 158 473 408 258 593 435 390 166 135 
15 303 504 306 264 181 475 225 167 327 128 409 302 494 423 245 
18 531 432 322 167 597 343 310 547 302 190 411 314 345 157 288 280 113 121 
8 310 470 546 152 206 510 216 386 
17 348 587 405 342 179 365 472 520 178 345 217 283 235 401 317 369 396 
11 460 252 391 443 309 324 573 493 373 508 410 
13 409 422 226 545 429 237 308 519 199 194 139 478 555 
8 550 307 327 449 357 294 262 462 
11 325 169 324 217 461 357 473 338 519 179 400 
15 347 535 207 582 493 433 298 324 190 348 354 463 386 208 593 
9 372 562 270 338 145 346 196 230 172 
12 547 400 259 204 589 599 180 360 514 357 520 328 
10 505 432 144 237 555 475 173 154 323 551 
16 489 270 360 317 374 413 221 341 276 253 148 578 575 126 380 549 
20 429 233 285 307 204 572 344 505 253 496 165 494 212 330 220 378 160 305 394 413 
12 505 582 554 553 544 530 516 278 440 146 152 438 
11 127 234 218 144 404 522 551 459 152 597 258 
14 591 318 327 582 124 272 526 544 242 212 356 561 127 176 
14 196 404 561 542 478 553 414 470 173 238 455 158 210 127 
11 402 147 383 188 473 492 269 586 154 208 561 
15 327 220 247 204 529 181 499 278 212 207 470 381 553 458 146 
12 462 330 592 551 283 297 416 337 237 482 371 437 
18 323 563 486 262 169 425 269 180 405 298 496 370 442 258 565 502 458 439 
16 390 204 407 173 304 353 215 357 199 196 363 137 570 468 321 138 
17 598 508 190 552 226 361 431 211 583 142 522 173 148 360 281 398 261 
17 505 255 434 506 597 546 196 284 266 132 471 330 357 146 257 317 571 
20 150 431 188 531 363 408 391 415 561 562 211 433 529 293 298 535 451 159 176 270 
20 340 195 593 356 161 342 199 221 540 535 186 461 529 518 486 266 232 353 212 505 
14 375 387 322 165 151 180 422 279 329 405 425 525 434 202 
13 217 597 295 201 489 207 312 503 333 391 214 451 514 
15 154 581 571 181 392 550 172 232 329 430 156 253 474 338 221 
8 431 189 448 241 441 506 221 418 
17 151 245 562 185 311 474 422 525 288 224 554 497 226 382 210 211 600 
13 251 179 434 554 162 486 564 284 415 539 172 330 483 
21 223 379 317 370 421 596 181 258 573 180 218 186 306 400 486 430 273 177 313 495 585 
10 522 584 434 226 189 578 391 166 142 143 
17 463 534 165 379 599 580 188 423 185 551 157 470 253 418 293 259 404 
16 189 216 351 431 229 233 222 285 271 339 494 503 239 192 313 381 
12 195 577 584 152 501 173 410 191 301 500 208 413 
14 405 284 351 348 596 543 490 568 307 312 380 185 515 402 
14 536 239 185 152 278 380 286 314 172 514 175 308 461 219 
10 311 215 340 293 170 443 176 508 457 165 
12 264 151 599 404 593 242 474 548 176 316 341 195 
23 423 467 510 385 252 360 314 255 207 285 236 546 408 416 294 587 237 152 417 388 600 184 202 
14 364 469 240 504 457 541 585 330 571 258 264 539 382 357 
18 159 161 356 211 336 175 394 235 587 511 291 179 239 526 350 490 554 487 
13 388 414 570 305 283 247 501 211 378 370 277 269 153 
10 213 340 537 277 301 174 371 273 270 307 
11 281 177 573 248 538 457 558 571 415 450 356 
10 205 573 396 533 509 207 364 393 458 553 
15 346 175 312 539 356 415 507 468 340 575 214 390 232 455 487 
17 317 526 206 441 329 370 414 540 409 205 184 506 366 584 422 552 581 
18 477 509 590 248 520 390 552 573 244 415 342 356 578 379 209 224 383 221 
14 535 431 318 570 346 163 405 437 497 407 584 503 458 562 
10 219 274 247 574 209 233 520 264 381 302 
15 429 266 294 582 509 424 473 261 526 283 465 318 286 242 570 
16 319 504 325 249 202 424 411 438 568 271 339 404 446 208 406 575 
12 285 463 225 262 237 222 400 350 355 597 485 190 
9 411 296 512 439 293 465 403 258 596 
20 366 330 214 385 394 263 188 264 422 305 267 554 346 427 544 439 233 245 516 579 
12 597 275 459 170 234 233 410 419 484 439 463 594 
15 295 535 548 423 170 239 465 545 488 259 363 450 284 267 360 
10 195 457 305 450 285 421 474 240 480 473 
14 600 406 390 376 353 270 341 264 370 299 286 375 250 276 
12 424 483 228 428 195 449 536 494 591 458 279 505 
17 177 519 198 436 254 214 252 410 310 233 555 375 231 318 504 211 276 
14 249 393 569 337 559 530 215 234 544 281 342 283 599 301 
14 261 406 251 513 383 568 371 370 389 419 264 539 374 472 
16 410 566 371 518 528 367 600 592 229 580 208 511 487 457 555 215 
10 251 544 310 184 369 462 502 497 562 485 
13 351 596 356 424 258 578 283 279 430 561 330 228 234 
14 384 557 480 548 275 360 504 388 434 422 545 402 419 248 
7 588 321 523 241 491 444 482 
10 502 358 365 361 433 498 600 396 280 366 
15 275 273 327 364 534 211 240 588 305 419 196 356 511 212 317 
10 402 385 425 410 405 286 390 543 404 247 
12 260 265 387 334 598 356 221 219 376 261 405 242 
16 571 196 220 553 261 600 312 343 467 547 285 557 438 238 519 230 
13 283 349 591 232 202 442 575 235 373 315 542 191 586 
10 242 594 428 419 396 198 569 546 469 437 
14 462 322 545 225 388 532 237 417 493 497 553 278 256 543 
16 240 410 356 267 552 459 360 230 557 233 513 245 403 400 485 337 
7 233 555 514 346 286 545 475 
8 417 301 571 396 338 351 367 392 
12 553 466 441 430 321 390 317 273 483 364 427 558 
12 444 213 379 359 192 310 395 211 416 317 524 447 
8 200 287 517 331 426 554 589 315 
15 470 412 425 576 328 405 325 393 404 375 429 232 268 392 407 
9 427 304 239 421 460 506 285 245 198 
10 587 241 538 334 594 566 244 522 556 201 
11 587 476 217 364 466 229 348 474 391 279 576 
8 486 518 212 340 244 333 298 477 
16 436 341 499 232 591 530 375 263 589 573 273 542 373 600 369 257 
14 533 528 500 323 354 288 378 397 394 503 352 452 536 211 
7 271 398 409 400 388 506 437 
10 387 431 208 346 356 447 337 221 256 265 
15 581 560 582 373 257 317 329 335 258 214 281 450 513 524 498 
9 553 506 219 562 317 458 512 398 440 
12 281 473 223 260 479 561 233 444 206 594 551 374 
9 496 445 328 251 477 461 553 526 460 
9 511 578 314 302 417 380 507 229 285 
15 218 426 415 339 345 555 401 418 575 513 304 272 564 236 566 
7 347 413 487 352 384 538 466 
5 600 221 353 265 324 
9 471 521 300 495 411 466 569 268 480 
12 446 542 357 284 302 585 418 299 597 405 505 437 
10 474 263 506 487 561 335 570 439 497 445 
13 353 524 329 460 234 434 566 371 572 314 531 512 483 
9 358 557 518 220 318 574 312 490 550 
9 580 303 420 323 261 283 352 545 337 
19 363 545 271 302 376 346 549 413 565 492 573 503 218 244 366 579 569 575 508 
9 431 377 596 510 230 556 545 460 388 
15 595 586 263 231 443 396 391 292 435 478 482 380 232 412 533 
14 592 288 343 287 436 484 334 583 401 526 549 316 310 464 
14 420 589 461 475 590 355 592 522 252 581 324 319 450 457 
9 290 257 575 247 554 489 321 395 315 
5 530 405 503 419 244 
10 328 442 303 267 389 289 432 592 519 456 
5 506 256 420 239 458 
15 311 496 308 529 385 345 272 491 267 397 423 540 326 473 410 
12 380 574 528 587 317 286 545 238 445 576 285 564 
16 583 553 345 260 479 470 516 281 461 403 373 384 304 577 230 356 
15 255 492 478 564 259 481 551 515 429 242 264 555 308 444 352 
9 365 597 246 519 471 376 263 564 555 
12 570 369 312 300 309 515 488 464 291 260 242 400 
19 568 383 514 299 503 365 596 285 327 363 300 271 525 472 557 281 339 424 479 
11 539 396 524 521 538 493 503 535 425 484 513 
13 480 580 549 251 572 388 402 311 239 282 510 477 341 
7 281 413 336 568 313 279 539 
11 443 507 466 308 478 425 244 530 377 299 378 
11 525 573 288 312 292 403 553 290 344 428 269 
11 274 373 466 342 345 504 298 550 266 304 441 
11 315 291 512 367 558 410 242 486 250 513 371 
11 474 281 352 594 258 531 246 555 345 312 434 
13 572 260 417 527 447 571 383 293 499 437 263 401 439 
12 295 331 471 404 489 599 409 393 569 401 262 590 
5 545 422 251 546 532 
10 484 507 562 403 373 250 384 370 564 533 
7 353 589 462 420 584 586 369 
11 505 576 295 442 496 450 277 319 488 309 480 
9 371 353 314 380 571 288 319 461 310 
12 481 369 335 582 553 397 537 341 385 596 472 452 
10 442 524 480 387 299 364 418 562 568 531 
10 435 329 450 343 253 426 456 344 516 294 
10 329 424 587 436 559 566 340 465 321 408 
9 354 581 254 460 519 361 481 297 315 
15 424 562 483 438 487 551 592 543 275 344 395 584 318 381 333 
6 340 447 540 387 568 467 
11 591 579 321 278 337 452 416 422 331 483 451 
11 371 349 578 416 268 259 279 374 487 353 342 
11 435 259 352 550 369 453 447 321 463 458 351 
11 529 304 509 367 581 447 498 474 262 507 524 
5 318 468 484 374 433 
11 529 435 544 538 287 397 358 309 396 524 389 
12 413 411 534 406 555 415 515 277 523 333 469 380 
5 559 273 446 566 336 
10 420 482 422 381 311 477 552 308 587 569 
6 284 416 539 508 464 339 
8 314 367 517 597 556 349 591 429 
13 308 509 508 428 540 270 429 476 580 313 338 401 553 
3 404 289 565 
7 517 283 446 288 355 474 314 
8 497 314 545 579 586 592 297 306 
10 288 282 571 273 446 505 426 301 544 524 
9 473 405 549 340 415 579 337 513 483 
11 594 282 591 457 338 510 598 284 298 413 472 
10 357 491 520 333 302 277 546 465 505 534 
11 408 462 360 453 567 398 354 533 305 506 384 
15 542 354 465 438 501 356 472 291 512 282 469 537 587 306 505 
8 521 446 488 353 538 474 473 368 
11 561 363 475 526 297 374 588 504 315 576 423 
8 402 554 528 323 513 283 581 333 
5 429 336 406 312 599 
13 310 560 501 530 458 588 591 388 355 402 298 529 474 
13 452 582 391 598 385 435 463 409 499 358 327 357 371 
9 395 447 435 340 538 503 423 318 422 
9 424 537 372 381 417 398 477 573 287 
11 343 483 288 398 599 575 284 548 434 469 421 
12 372 336 370 297 483 500 463 595 531 420 492 594 
16 470 340 473 422 294 338 588 419 477 407 575 431 480 469 454 498 
10 343 430 504 599 497 408 404 421 427 468 
8 496 410 450 555 463 503 558 556 
9 561 528 576 426 563 575 403 342 341 
10 395 543 364 369 551 337 390 530 323 539 
10 482 495 313 371 327 446 322 430 528 403 
9 521 551 448 475 485 352 500 457 358 
11 499 311 385 446 303 410 440 441 397 492 597 
11 468 453 365 455 374 295 299 439 367 559 338 
11 364 403 313 575 361 386 586 504 319 368 471 
13 483 308 300 359 566 545 546 534 593 412 312 454 508 
10 533 456 356 301 515 332 460 429 449 394 
13 315 318 396 501 525 356 392 550 497 447 425 400 464 
10 313 355 426 350 319 522 405 450 559 510 
5 563 395 489 321 492 
13 403 490 512 599 579 565 413 453 319 519 305 491 483 
6 337 375 384 453 526 469 
6 449 532 507 538 568 559 
8 561 356 351 495 533 486 505 307 
11 397 372 320 424 538 524 565 367 376 523 560 
9 349 508 368 520 342 376 307 449 353 
9 527 587 361 420 473 484 457 363 499 
9 374 579 545 390 451 571 538 443 351 
13 343 492 388 359 584 505 333 418 582 383 460 459 316 
10 473 402 347 503 598 354 403 588 519 376 
8 539 491 388 371 535 599 387 390 
4 340 399 322 316 
11 378 557 548 471 401 576 521 404 500 556 513 
6 586 390 425 412 526 496 
10 594 479 500 590 449 530 524 353 382 375 
11 336 334 482 550 531 525 374 569 382 580 532 
8 563 357 572 435 455 512 442 428 
7 391 446 590 521 439 499 375 
4 386 355 323 444 
7 439 457 562 502 576 556 363 
11 599 450 383 573 413 509 525 361 556 586 541 
13 501 437 355 431 365 444 578 491 375 481 478 463 350 
12 364 357 458 526 354 594 447 426 420 387 451 362 
11 490 357 541 499 567 520 590 333 380 409 467 
7 356 454 390 483 358 400 561 
11 326 494 432 537 390 545 386 391 554 588 558 
10 547 475 425 472 515 521 552 485 474 538 
7 376 354 581 411 471 533 361 
12 473 384 595 558 539 506 334 502 343 541 353 544 
6 530 444 335 519 482 540 
6 375 426 477 439 488 554 
7 544 362 429 339 389 479 370 
10 376 588 441 472 344 427 593 456 451 431 
10 513 432 448 491 382 567 492 397 493 595 
5 531 574 448 521 370 
10 353 392 425 479 523 413 361 493 583 598 
11 567 403 482 419 459 414 565 555 549 381 550 
10 378 506 522 355 483 473 534 386 341 445 
8 425 343 439 408 598 595 366 370 
7 567 563 451 481 382 349 464 
5 417 378 491 505 538 
10 500 590 552 407 357 509 471 345 368 549 
8 600 361 487 345 502 347 401 450 
7 454 509 357 572 530 385 476 
15 400 584 380 448 453 435 416 399 414 397 554 562 563 420 373 
9 496 487 442 490 419 391 403 427 469 
10 358 553 463 592 479 454 588 517 357 460 
3 502 482 460 
6 496 550 562 397 506 435 
6 525 374 409 462 590 552 
3 433 372 443 
6 523 556 522 359 458 448 
13 366 544 472 354 453 530 575 475 405 479 376 424 358 
9 520 370 585 593 583 448 494 455 454 
10 393 373 595 436 531 479 550 418 515 367 
6 387 378 467 386 483 369 
6 434 587 390 457 554 522 
7 503 385 419 407 418 382 500 
7 532 392 555 543 428 378 403 
4 375 443 498 565 
5 482 574 423 481 375 
7 398 409 553 501 371 479 550 
3 432 521 558 
6 414 584 427 367 366 515 
5 554 374 428 532 538 
11 566 480 572 492 532 576 505 479 415 470 478 
4 452 375 571 395 
6 405 436 550 471 412 575 
5 409 422 542 571 594 
8 424 401 478 541 587 494 539 441 
6 449 525 543 443 529 553 
4 381 447 590 555 
13 546 547 505 521 513 443 398 432 570 490 425 387 555 
10 577 469 581 552 390 571 467 515 449 418 
2 376 534 
8 463 530 460 537 543 416 379 433 
10 587 485 573 490 456 465 507 386 509 546 
4 453 457 389 542 
8 479 472 448 492 519 543 393 587 
8 447 451 460 549 380 545 407 394 
7 398 405 381 540 517 415 484 
8 599 488 474 415 531 477 493 427 
7 384 426 476 552 412 596 465 
5 495 525 386 593 545 
6 408 509 486 524 478 600 
7 491 568 463 425 454 452 511 
6 524 446 422 404 502 428 
6 431 483 587 400 486 574 
5 569 562 408 397 534 
4 574 496 402 430 
7 403 550 462 578 465 537 489 
5 518 534 405 576 559 
6 461 455 434 598 556 482 
6 419 435 461 509 428 515 
4 422 426 428 510 
9 566 517 596 398 568 538 506 401 492 
10 412 420 551 542 474 539 484 427 465 454 
4 463 485 542 409 
4 495 480 454 410 
4 572 561 597 541 
4 418 427 406 550 
9 547 578 442 591 545 459 471 582 583 
13 451 548 534 542 492 511 555 587 584 595 512 521 591 
7 500 502 578 515 445 481 483 
5 482 497 500 459 436 
8 566 473 599 520 443 506 560 536 
1 592 
7 430 495 421 557 538 471 487 
5 446 565 494 597 428 
2 519 518 
11 577 502 452 527 520 431 485 565 455 470 469 
5 469 478 503 449 462 
4 562 492 490 460 
4 543 537 553 492 
4 479 539 433 476 
5 420 466 541 578 568 
7 426 554 469 535 428 526 512 
5 531 455 563 482 453 
7 565 448 441 594 552 486 515 
6 555 448 499 547 504 442 
10 499 505 596 515 456 540 496 512 490 532 
3 435 422 596 
1 565 
9 499 494 591 562 549 559 474 468 574 
6 447 473 540 525 599 477 
4 550 470 478 536 
6 495 488 458 523 519 470 
5 489 566 533 550 462 
4 546 504 593 533 
8 568 494 574 531 457 591 495 515 
4 457 505 433 576 
7 546 480 571 519 465 548 579 
8 537 455 494 483 445 528 474 465 
3 450 499 533 
6 561 441 526 554 460 527 
3 528 485 531 
6 569 565 547 579 580 515 
9 462 521 472 494 527 547 590 501 438 
7 444 463 454 597 495 552 528 
1 592 
2 501 491 
8 444 532 528 565 460 468 458 554 
3 577 479 553 
6 510 509 473 458 582 574 
6 510 483 594 512 471 557 
5 483 592 451 479 518 
7 495 471 459 451 453 591 494 
9 584 550 580 564 456 473 461 455 593 
6 495 514 552 501 471 566 
5 533 548 526 556 460 
3 568 532 581 
1 578 
6 496 466 568 469 527 461 
7 550 493 455 504 494 571 587 
4 588 567 519 466 
5 505 459 521 476 549 
5 466 500 487 561 533 
10 458 469 549 578 576 472 529 565 476 550 
5 505 567 572 596 480 
6 506 586 501 515 544 475 
10 513 593 494 523 463 492 465 531 526 522 
3 503 585 547 
1 490 
6 500 507 548 473 510 466 
8 516 494 550 569 567 526 537 480 
8 590 521 491 587 594 552 577 518 
2 515 504 
5 476 564 497 470 539 
4 478 475 592 521 
5 527 535 565 524 482 
2 598 514 
3 549 541 499 
3 521 531 546 
7 565 511 579 548 573 487 479 
5 520 530 583 557 548 
1 600 
3 528 596 527 
4 494 482 533 511 
3 586 553 519 
6 540 595 593 526 578 559 
5 494 492 558 538 587 
3 519 600 589 
7 503 535 544 506 562 516 541 
2 488 536 
1 566 
0  
4 577 488 491 551 
4 509 513 505 517 
5 525 562 499 520 505 
5 581 499 559 548 501 
2 571 512 
2 536 534 
2 538 556 
2 576 571 
1 543 
1 547 
3 499 569 594 
1 548 
0  
3 513 600 533 
2 554 505 
1 555 
3 578 599 538 
4 543 571 559 542 
0  
3 515 526 584 
2 558 562 
3 554 516 574 
3 528 527 580 
4 597 554 552 523 
1 589 
0  
4 586 569 594 568 
1 598 
4 518 541 580 572 
2 528 587 
1 527 
1 578 
3 576 525 581 
3 559 591 536 
0  
1 555 
2 557 580 
3 545 589 547 
3 577 590 576 
2 548 593 
3 530 583 590 
0  
4 568 589 542 529 
2 583 567 
2 589 543 
1 579 
0  
1 600 
1 596 
0  
0  
2 576 553 
2 554 567 
1 557 
3 561 579 543 
1 582 
1 584 
6 579 599 584 595 564 591 
2 552 566 
1 557 
3 577 584 552 
1 551 
5 588 571 598 597 580 
1 577 
1 554 
2 555 581 
3 596 564 583 
3 593 567 564 
0  
3 586 569 592 
3 596 566 582 
0  
1 589 
0  
0  
1 585 
1 594 
2 567 585 
0  
0  
2 600 572 
1 571 
0  
4 578 577 587 583 
0  
0  
1 576 
0  
0  
0  
3 588 582 583 
1 583 
1 594 
1 597 
1 584 
0  
0  
0  
0  
1 597 
0  
1 599 
0  
0  
1 591 
0  
0  
0  
0  
0  
0  
0  
0  
0  
0