15 39 314 302 73 53 259 116 20 187 268 170 469 486 519 78 
13 173 214 202 107 330 307 344 327 528 589 553 234 534 
14 526 407 33 328 572 245 524 467 29 488 383 357 578 239 
13 46 341 74 183 461 490 185 600 523 243 491 317 328 
16 96 306 454 378 433 189 399 557 296 164 160 329 375 489 527 353 
10 337 364 232 375 256 508 443 330 378 193 
17 351 536 291 132 513 73 320 165 100 248 407 279 263 185 61 40 483 
23 369 571 482 370 197 276 199 307 371 229 567 269 266 440 573 498 495 525 414 152 56 214 190 
23 411 162 331 114 295 312 112 367 170 10 74 511 200 324 94 204 478 499 283 76 97 186 471 
22 495 583 111 478 312 62 572 368 555 336 471 393 564 394 58 460 433 327 188 371 586 185 
18 323 314 196 447 124 150 171 541 533 65 160 192 234 110 463 64 384 559 
20 50 557 141 345 490 539 485 511 218 516 49 89 463 111 543 552 300 289 176 258 
14 508 588 274 384 484 550 507 482 323 212 86 246 443 429 
19 579 544 336 435 366 108 549 427 106 74 279 414 395 77 434 489 196 357 99 
15 485 105 422 526 129 145 257 442 564 542 200 511 206 44 57 
22 557 525 228 553 597 154 570 240 211 563 381 385 524 100 124 467 309 99 290 337 450 325 
12 202 380 523 579 146 544 383 469 515 94 277 536 
16 127 281 337 43 176 209 369 135 271 260 74 286 188 100 156 476 
15 209 83 441 470 599 319 411 387 152 424 538 456 557 433 110 
12 148 343 531 131 117 261 83 389 382 266 560 581 
22 424 391 478 525 251 472 551 265 395 183 161 354 262 459 164 434 26 369 211 34 257 208 
18 63 144 474 165 383 547 424 560 213 432 478 58 167 324 85 476 344 72 
24 365 203 163 463 101 521 444 551 261 403 336 130 100 523 512 599 596 161 229 135 313 519 274 205 
13 423 35 372 176 369 594 71 547 364 208 188 215 538 
17 304 451 463 79 260 102 400 267 375 49 351 278 420 508 442 398 453 
22 275 138 121 251 410 260 213 333 231 341 92 134 597 258 250 354 504 99 305 548 208 86 
21 398 524 404 251 267 113 234 191 154 135 414 252 502 31 514 309 509 351 107 74 205 
19 365 290 558 159 177 444 108 170 406 251 526 464 153 349 391 48 441 210 351 
17 472 302 241 457 263 83 150 157 214 198 343 181 373 376 175 107 137 
14 453 270 356 74 527 458 593 518 294 253 304 541 220 553 
23 130 461 522 434 515 71 80 342 79 433 227 306 486 482 259 550 138 442 162 321 155 575 555 
15 266 89 467 376 480 180 213 138 267 301 517 365 536 551 449 
13 116 175 468 282 35 280 156 591 561 59 151 69 596 
19 302 106 478 236 504 522 587 471 454 246 503 424 570 185 460 214 54 231 568 
16 86 106 81 508 291 309 558 45 259 600 504 146 123 360 115 57 
10 424 240 446 484 126 298 563 597 111 205 
24 282 312 283 112 219 105 549 596 47 326 160 433 56 198 321 155 209 136 500 152 506 184 131 292 
19 515 228 502 434 205 471 596 447 593 141 481 397 557 280 97 571 463 153 362 
20 402 86 237 556 114 377 306 310 70 284 600 425 193 423 132 126 492 341 333 334 
22 278 397 574 495 557 274 224 109 279 434 269 552 293 181 290 444 369 316 518 461 168 467 
12 454 123 329 184 355 70 252 566 125 78 117 273 
21 121 104 450 335 582 140 284 63 368 538 381 519 370 221 232 66 145 548 116 285 344 
25 215 565 578 226 502 418 477 228 51 237 274 346 437 134 66 525 198 105 168 122 460 413 397 161 484 
24 92 530 133 219 295 121 508 564 244 470 533 284 213 235 474 599 335 331 433 202 479 282 50 391 
16 476 251 404 446 534 382 49 309 311 555 400 568 75 401 564 126 
20 568 439 296 128 388 116 226 357 242 382 122 168 153 466 471 395 70 184 183 53 
16 394 353 519 186 466 415 162 431 548 81 327 226 600 422 107 236 
16 83 164 340 553 445 441 158 383 288 220 217 143 123 524 505 232 
13 100 101 439 506 589 495 284 577 490 483 159 290 575 
11 411 442 564 507 497 75 238 168 188 62 594 
19 571 107 201 169 472 267 528 351 296 76 569 330 204 564 128 454 572 529 99 
13 506 406 565 166 311 116 275 543 532 347 108 342 221 
14 187 428 554 235 565 350 552 164 129 196 202 346 181 588 
17 125 259 90 327 323 544 365 524 115 579 585 306 502 313 410 135 295 
9 422 67 497 125 438 188 178 128 479 
20 464 351 359 482 405 310 363 509 534 146 263 139 569 576 555 367 103 254 195 323 
11 256 136 412 252 205 393 77 481 195 129 366 
16 547 445 208 93 186 596 209 167 215 81 422 464 224 435 370 64 
15 557 454 463 485 425 238 426 482 165 535 427 481 79 526 180 
15 185 74 172 61 88 520 332 507 558 596 120 175 581 117 435 
14 207 101 100 369 347 362 68 339 424 232 528 155 417 118 
22 121 226 462 461 235 188 502 388 219 330 564 517 225 545 560 293 308 144 146 440 316 379 
17 218 547 148 451 387 382 377 454 414 550 412 132 503 237 322 337 107 
18 127 213 366 115 530 521 90 135 538 279 557 511 328 323 454 311 245 468 
22 243 552 437 220 191 325 180 412 303 588 582 512 571 173 580 473 210 489 232 354 471 399 
16 223 335 192 173 244 285 367 88 433 126 414 541 547 266 206 598 
16 446 249 111 301 210 355 92 315 281 232 114 252 146 547 439 218 
18 276 183 288 573 295 512 598 347 560 238 99 236 414 240 208 125 409 207 
18 290 365 388 313 191 222 288 559 462 441 364 554 583 587 402 272 159 217 
13 437 241 381 405 286 427 323 566 535 395 485 454 423 
13 313 407 409 371 148 584 237 90 463 581 315 447 438 
11 237 290 291 347 198 425 350 377 155 583 367 
14 345 379 582 177 593 352 315 464 79 243 385 244 155 392 
11 258 341 104 375 190 252 575 568 276 564 181 
13 598 226 520 348 233 352 78 553 235 549 147 372 494 
9 467 465 335 324 494 477 528 308 112 
15 264 325 316 444 306 445 573 211 105 288 594 429 398 289 176 
8 158 366 424 588 243 230 192 154 
18 94 172 369 158 360 247 246 147 501 472 457 187 131 482 125 359 400 473 
19 440 457 188 430 322 274 588 374 187 558 155 593 232 478 592 167 276 330 397 
17 396 242 292 366 168 514 139 406 122 207 425 117 306 247 528 315 231 
13 413 431 157 87 507 502 117 342 498 111 331 500 508 
16 256 273 496 316 518 113 84 531 211 261 159 121 503 136 160 353 
18 315 299 528 576 436 369 498 473 555 529 186 105 574 577 464 268 164 224 
16 447 88 261 243 384 574 206 237 361 570 319 157 273 290 108 89 
19 107 125 448 170 441 345 513 447 409 154 342 99 149 224 465 569 527 299 311 
18 433 219 363 348 167 453 457 143 186 164 532 491 334 307 279 407 400 315 
22 105 362 186 482 293 505 439 169 596 379 460 372 470 193 115 352 124 138 411 278 276 351 
15 540 116 479 524 128 261 460 312 268 269 568 249 108 292 541 
21 347 263 406 346 474 148 584 338 163 453 213 256 473 499 279 485 235 112 125 182 336 
19 210 172 176 224 168 510 447 357 484 396 200 446 155 472 123 104 481 549 244 
33 412 264 287 314 456 432 458 413 407 536 390 319 102 422 302 385 128 321 228 580 116 452 433 323 431 434 530 366 555 396 440 382 106 
18 165 406 516 223 438 572 111 246 240 294 338 243 393 173 389 238 475 480 
16 214 99 407 103 448 298 238 279 426 565 580 232 428 493 309 122 
13 436 523 539 405 114 242 117 470 224 159 493 467 548 
14 198 231 184 465 176 432 510 360 500 568 479 172 369 398 
17 395 590 300 251 543 454 479 501 159 450 511 254 467 526 299 349 517 
21 585 440 207 241 428 347 202 421 415 128 394 434 283 461 288 285 264 171 310 375 580 
17 456 164 340 457 407 551 155 477 344 106 519 211 596 559 294 348 544 
12 463 566 418 297 398 219 436 395 598 225 487 412 
13 120 241 299 403 260 163 297 595 483 135 443 290 433 
14 388 337 348 390 521 525 526 338 185 353 411 539 593 294 
15 404 280 224 174 223 463 328 396 320 353 573 455 406 380 368 
14 213 444 252 524 517 390 277 153 543 297 272 316 235 278 
18 592 162 473 477 215 494 251 500 228 560 594 508 222 524 316 108 296 421 
19 468 414 480 443 483 271 561 210 212 194 354 382 180 543 458 300 142 576 284 
16 250 422 227 596 429 278 433 127 416 137 525 261 119 468 461 448 
12 574 440 210 410 245 284 530 326 289 216 357 472 
14 362 520 494 506 295 216 509 523 120 529 420 146 198 437 
22 260 177 325 389 266 294 369 499 565 510 587 418 238 417 495 584 133 428 287 405 599 199 
13 344 352 146 549 452 374 397 429 173 536 267 317 271 
20 231 300 135 461 177 581 404 306 133 456 502 320 147 381 486 113 117 329 393 322 
12 200 284 191 274 537 544 199 396 255 241 178 487 
12 354 125 221 459 440 553 179 366 419 244 132 138 
14 394 329 273 270 552 129 474 281 402 503 491 314 415 529 
9 247 518 167 395 326 343 318 296 506 
12 506 581 486 126 303 561 591 600 358 537 200 219 
15 375 593 411 359 472 209 393 410 148 229 213 147 127 176 466 
20 357 555 278 166 479 370 208 496 478 265 303 196 244 445 327 197 360 188 554 453 
16 523 261 188 387 132 437 281 494 517 241 229 365 252 429 267 432 
15 492 493 593 589 361 562 360 234 146 308 596 349 538 467 435 
16 526 284 472 439 483 465 455 583 431 297 125 346 144 553 327 529 
15 590 520 573 426 255 298 535 204 291 290 341 257 151 508 136 
16 580 446 142 495 276 242 368 258 573 565 416 474 574 323 174 462 
14 188 244 330 293 454 376 220 228 501 396 331 156 392 497 
17 225 444 372 220 194 496 414 292 520 178 132 493 438 144 554 369 172 
14 567 404 243 499 304 286 214 581 139 343 229 395 447 305 
16 233 578 188 223 293 191 373 370 537 313 455 376 299 249 354 268 
14 224 361 245 432 231 460 462 148 168 544 558 294 412 470 
18 531 519 194 420 550 137 260 287 226 242 524 527 421 327 165 400 525 534 
17 584 209 410 229 466 208 178 434 219 518 484 503 411 366 493 378 455 
11 599 299 367 544 296 533 576 178 581 269 218 
15 512 481 336 392 235 285 504 166 328 396 393 338 390 598 354 
9 599 563 208 333 525 477 377 480 323 
14 579 167 459 486 369 545 573 527 469 275 553 370 168 186 
13 274 158 456 459 411 349 483 326 522 387 441 555 362 
11 477 378 150 272 439 313 274 342 407 335 152 
12 577 260 568 188 196 231 542 534 310 294 172 498 
11 203 275 183 257 531 520 575 317 196 447 390 
10 299 490 569 288 406 210 242 434 145 431 
15 423 488 516 589 537 447 581 551 190 304 221 219 240 511 201 
11 297 274 242 155 424 271 288 168 593 372 545 
9 428 219 241 193 564 330 353 181 251 
15 175 506 215 164 466 419 268 239 205 476 558 572 403 206 298 
11 264 575 326 375 464 471 166 261 236 453 346 
15 221 551 589 219 160 425 366 426 409 244 568 594 466 256 574 
13 366 415 497 151 169 358 582 394 166 429 213 440 475 
7 244 481 333 583 337 507 361 
14 235 256 556 317 390 498 319 496 185 594 203 425 581 161 
9 506 182 339 216 559 345 377 522 181 
10 492 359 159 511 455 310 331 349 388 157 
17 530 325 271 474 291 154 157 306 263 586 366 311 266 255 451 357 476 
9 285 238 536 209 388 552 394 208 398 
14 168 285 454 216 260 206 297 503 296 380 224 227 448 210 
10 571 172 166 528 326 540 600 378 335 342 
13 401 410 270 330 323 446 492 234 532 486 479 471 385 
16 328 567 201 423 288 520 275 358 569 546 196 560 519 278 206 251 
8 397 266 173 594 503 316 439 567 
5 343 521 372 209 591 
10 472 387 445 591 378 429 487 212 473 533 
17 537 461 403 597 500 590 216 362 326 169 308 280 438 266 581 179 277 
20 198 459 478 259 558 310 553 283 460 350 205 396 235 539 222 403 508 175 511 173 
15 231 343 373 299 407 256 431 286 598 589 302 523 493 370 573 
13 250 522 427 508 371 458 394 217 218 210 269 344 271 
19 588 589 169 486 358 441 349 517 315 178 587 597 458 363 380 384 431 511 488 
7 176 334 569 507 466 183 532 
16 215 212 399 286 427 220 314 544 242 277 577 276 512 500 209 504 
13 221 207 576 404 208 331 311 263 176 313 179 581 587 
18 455 218 450 500 562 565 235 459 325 189 363 598 242 522 553 529 411 438 
10 340 373 316 571 520 423 346 566 302 187 
16 261 338 209 572 530 496 239 402 456 285 392 448 440 309 426 408 
11 176 571 506 426 553 501 554 311 529 286 258 
13 548 302 276 315 561 349 287 226 484 505 209 336 399 
8 193 600 220 388 247 386 185 219 
15 280 491 480 379 567 228 486 597 332 488 296 300 538 441 223 
17 195 201 430 540 565 286 483 254 578 394 182 441 208 570 291 315 239 
15 385 497 266 262 588 477 204 403 378 560 570 463 433 589 520 
14 455 568 400 449 241 500 226 238 553 558 305 296 190 575 
16 228 201 218 338 520 471 396 222 480 217 589 473 570 391 569 532 
8 216 285 511 387 389 548 315 205 
21 484 400 222 520 416 272 580 234 195 204 429 487 494 584 377 402 388 461 504 316 252 
16 435 482 530 552 191 348 570 223 511 557 224 393 303 379 410 275 
12 267 548 481 472 253 242 552 526 207 219 362 461 
15 513 477 476 598 556 288 255 430 322 304 549 283 323 202 486 
11 243 369 336 432 459 599 503 384 397 600 448 
17 215 581 244 445 240 208 252 255 431 290 411 352 523 308 587 529 569 
12 293 553 385 319 267 372 346 464 419 213 205 231 
16 543 433 503 284 323 333 420 404 292 492 440 315 286 488 223 505 
14 555 522 220 335 412 291 363 456 362 401 381 470 299 548 
16 443 442 403 529 578 231 375 556 308 319 320 284 380 207 527 456 
13 421 366 540 337 387 272 589 273 479 344 394 420 220 
14 215 563 509 207 491 349 342 370 404 208 566 263 493 322 
12 355 507 277 549 440 515 401 471 373 378 475 419 
15 552 535 573 513 373 527 399 544 397 245 286 586 227 511 427 
9 384 574 435 307 290 259 521 280 568 
13 439 256 209 464 278 444 398 558 274 440 360 293 407 
4 385 363 353 412 
14 360 391 322 228 579 569 504 334 320 442 253 251 499 600 
11 265 596 346 360 343 427 448 410 381 571 345 
9 365 351 249 385 595 402 560 234 207 
13 432 368 552 408 532 429 287 326 426 530 514 449 581 
9 379 274 298 205 246 360 377 284 472 
11 388 283 491 583 354 523 559 276 268 477 532 
11 293 346 469 536 530 375 420 425 578 247 334 
18 337 320 419 315 262 373 427 461 429 487 362 569 534 459 505 486 351 331 
13 379 496 287 367 310 481 216 456 499 344 455 426 544 
15 356 305 293 329 564 398 263 380 308 488 510 405 341 339 472 
13 382 482 257 278 495 306 543 255 485 242 509 429 534 
17 563 303 391 252 255 288 221 380 437 433 246 424 368 294 338 254 227 
13 367 446 416 393 214 340 386 429 310 517 412 573 223 
12 390 282 449 556 581 460 351 442 584 415 226 267 
6 271 452 297 280 303 439 
9 588 528 507 241 504 416 392 312 388 
17 316 312 389 550 276 358 588 236 510 413 348 267 535 365 566 320 346 
7 223 355 378 233 269 564 412 
10 233 383 516 485 572 397 236 557 416 454 
11 223 445 556 376 279 563 533 450 330 481 462 
12 272 585 351 421 536 511 273 465 270 371 383 550 
19 495 225 438 440 420 446 513 532 299 251 485 578 430 538 239 407 330 398 555 
13 431 314 539 340 290 237 512 565 383 381 346 514 246 
13 576 313 373 420 471 375 272 365 525 393 470 513 256 
12 296 475 581 576 558 484 300 298 387 378 322 348 
9 238 519 407 463 499 425 349 387 432 
12 476 388 266 289 485 344 348 598 526 333 492 550 
12 511 474 339 403 269 333 467 531 314 340 546 449 
10 586 461 256 383 500 368 491 420 508 598 
14 401 438 536 483 584 351 364 558 301 426 519 395 396 369 
8 457 518 499 524 327 582 438 538 
12 588 416 410 395 337 397 262 551 332 542 261 400 
9 564 285 593 368 554 481 361 477 487 
9 517 258 438 391 576 250 330 277 476 
10 496 552 260 237 461 568 591 393 238 525 
9 570 340 449 599 324 459 379 405 267 
9 324 363 258 336 531 239 467 580 257 
12 591 405 304 393 415 386 247 469 568 495 593 268 
9 433 384 495 590 480 377 255 512 534 
7 284 457 321 355 520 562 561 
8 303 364 542 433 444 354 492 473 
9 348 378 510 437 376 466 450 488 345 
6 541 424 399 485 359 391 
9 296 538 542 561 275 251 262 537 395 
6 322 352 518 459 553 556 
6 345 575 418 386 382 253 
10 529 324 329 498 335 462 552 534 246 331 
14 321 351 583 375 535 561 534 481 371 331 521 258 372 597 
15 440 380 526 488 580 416 509 268 581 269 277 369 442 530 554 
6 526 382 511 461 571 581 
7 395 500 415 286 477 354 393 
10 539 333 458 329 308 337 577 335 270 521 
6 572 391 423 496 281 357 
5 415 511 515 423 508 
12 583 369 509 467 437 453 494 530 287 340 504 460 
14 457 269 310 560 430 292 460 289 315 557 307 331 515 348 
12 537 553 335 566 316 392 485 522 534 285 432 546 
8 345 460 462 477 350 510 411 528 
12 342 401 351 429 395 268 332 304 318 263 346 592 
12 461 283 270 344 324 439 542 518 456 332 261 407 
9 360 576 436 310 351 491 403 466 510 
7 591 422 469 593 377 298 445 
12 359 331 552 483 531 546 592 415 509 414 589 515 
16 299 371 339 454 432 297 513 539 354 573 445 475 346 369 461 428 
3 476 485 392 
10 295 575 407 567 268 348 497 576 456 408 
12 271 428 458 452 483 306 348 530 285 310 447 445 
7 504 593 542 278 273 513 429 
10 536 517 577 270 423 459 405 597 485 384 
12 276 488 512 316 417 596 350 591 576 443 533 381 
12 411 404 397 484 489 535 284 541 599 318 576 360 
11 484 527 574 309 440 429 599 572 364 275 315 
9 402 379 586 341 395 401 296 548 399 
9 290 374 284 384 318 551 488 330 524 
11 435 314 480 486 370 353 454 476 579 529 281 
11 584 412 516 467 312 365 293 515 368 281 342 
14 450 300 368 345 566 417 444 502 495 425 406 454 498 338 
9 404 388 396 582 448 599 477 470 466 
8 394 327 306 559 504 307 568 592 
10 349 331 545 413 461 278 422 584 590 527 
7 321 302 341 591 319 354 564 
16 568 541 400 482 304 413 498 523 338 401 374 471 408 347 287 310 
8 394 543 435 568 484 407 282 466 
12 457 355 489 474 311 518 329 323 468 337 538 484 
6 425 335 343 466 563 567 
9 532 345 458 560 307 436 411 355 420 
10 534 398 589 383 461 304 536 346 411 305 
15 346 416 307 353 535 316 524 373 515 333 337 482 290 469 466 
8 508 550 559 477 468 353 333 402 
8 423 428 482 573 450 365 403 354 
13 579 292 558 320 485 581 317 571 336 480 552 530 397 
10 320 577 341 445 432 465 450 538 413 327 
7 362 355 359 465 565 587 464 
10 482 478 467 564 453 561 308 554 309 475 
10 409 524 485 481 318 587 341 468 501 554 
10 526 311 573 319 492 520 361 538 421 564 
15 420 401 553 338 323 331 353 508 584 514 308 337 314 332 577 
8 493 431 438 521 508 551 485 440 
8 582 479 465 333 580 583 394 458 
13 600 302 417 481 331 340 599 396 330 356 564 479 482 
12 304 336 563 575 473 459 436 388 417 576 581 367 
11 599 335 561 455 568 446 431 594 441 316 498 
10 586 410 308 531 483 513 497 430 476 551 
11 379 322 361 435 518 591 574 579 315 381 421 
7 553 550 369 507 575 568 328 
7 486 396 569 516 518 524 523 
7 413 475 458 358 459 532 320 
13 479 325 581 372 500 405 333 436 336 349 435 331 341 
12 488 369 503 528 412 420 494 567 537 405 501 409 
6 442 451 488 549 502 526 
11 584 383 336 580 466 419 547 347 592 478 317 
12 341 345 581 342 336 355 420 485 537 472 330 518 
7 329 550 336 501 373 346 404 
9 326 487 338 532 442 523 440 534 384 
15 556 444 492 565 478 349 514 447 515 524 522 406 462 335 466 
11 446 407 480 502 474 541 533 479 455 349 424 
9 322 387 401 471 416 553 369 501 547 
14 339 487 488 530 481 476 468 368 489 525 594 334 370 538 
11 556 455 457 594 343 473 420 462 520 574 373 
4 592 463 339 480 
8 483 536 395 340 439 585 414 416 
5 584 509 374 446 365 
7 347 340 563 486 552 465 599 
8 524 418 325 497 456 590 587 364 
8 347 424 470 375 568 363 445 500 
12 482 512 430 564 397 541 328 360 526 408 351 365 
10 355 405 342 589 454 452 556 496 547 529 
8 482 585 532 424 365 497 468 418 
9 544 445 346 533 408 557 532 598 539 
11 330 426 515 329 433 347 441 351 345 456 362 
12 357 379 458 349 367 480 507 334 564 503 518 377 
10 393 568 512 506 597 458 552 476 581 508 
8 482 525 347 568 433 369 379 409 
8 385 371 499 454 543 551 390 557 
7 402 542 472 353 398 420 371 
4 556 475 335 557 
13 480 356 439 368 556 366 491 422 423 397 390 476 511 
6 519 490 339 558 491 337 
15 448 428 356 580 586 459 408 387 572 418 548 359 414 587 440 
8 443 495 414 450 589 531 597 527 
5 426 583 444 381 575 
7 504 372 554 569 469 449 503 
9 531 565 390 368 366 372 583 443 410 
3 515 593 497 
11 587 545 386 582 506 517 533 465 447 436 434 
7 491 551 454 464 350 434 554 
5 367 590 491 394 499 
13 425 371 395 440 538 407 514 460 386 372 384 483 366 
7 504 564 434 376 472 535 544 
7 380 513 535 491 349 553 439 
7 447 453 498 540 401 515 539 
4 585 543 504 530 
5 569 390 495 512 407 
8 464 506 559 478 373 548 499 463 
4 440 515 551 456 
10 365 409 509 495 413 532 432 394 419 539 
6 450 555 502 568 514 415 
5 390 590 464 564 581 
6 447 599 529 471 533 362 
9 582 376 385 457 399 597 439 596 507 
6 473 396 589 531 451 557 
13 418 435 483 458 400 574 590 393 522 588 475 370 530 
8 495 586 568 432 417 465 415 515 
9 423 393 380 395 548 541 524 533 589 
7 554 485 566 483 460 435 536 
9 537 412 375 516 366 414 593 521 379 
5 452 485 383 504 512 
9 440 597 528 366 526 510 466 485 518 
6 542 600 464 375 445 488 
2 465 418 
3 462 381 556 
6 490 542 581 546 533 373 
12 400 372 386 393 455 560 435 546 553 423 527 377 
7 480 472 394 420 413 426 500 
3 585 457 463 
8 443 388 491 583 526 570 561 432 
10 533 437 430 377 421 509 497 423 587 459 
8 581 504 424 470 554 510 557 574 
4 438 595 428 574 
7 525 536 577 453 504 418 445 
3 438 574 506 
7 474 511 416 437 537 579 553 
9 542 441 469 595 568 421 463 474 589 
5 439 582 411 478 565 
8 553 478 383 585 432 404 525 600 
6 442 437 484 542 531 515 
7 592 439 421 461 431 523 571 
8 522 499 592 548 552 547 546 474 
6 440 580 461 545 411 588 
7 519 390 431 395 553 427 417 
7 391 590 518 548 506 435 542 
2 491 580 
13 578 501 593 480 568 513 459 531 530 400 415 502 553 
7 416 498 404 439 516 576 471 
6 513 394 489 532 495 510 
6 446 543 456 396 459 569 
7 427 451 449 525 510 508 574 
5 490 419 479 496 489 
7 590 424 453 600 423 490 534 
9 413 506 404 464 550 478 467 577 516 
7 451 571 488 579 554 416 525 
6 479 413 576 408 534 552 
5 559 422 587 411 528 
8 451 458 410 540 525 468 561 460 
8 443 559 511 468 555 569 516 573 
3 471 547 540 
5 475 433 427 461 599 
9 487 410 424 502 488 535 412 481 438 
7 526 435 509 467 426 566 436 
8 457 453 537 517 523 571 435 538 
3 590 557 514 
9 518 427 501 425 411 599 566 545 477 
7 446 435 518 491 541 505 428 
5 534 444 456 569 533 
3 510 554 428 
6 495 505 564 581 556 424 
9 512 526 507 510 519 578 575 498 438 
5 499 598 595 566 438 
5 562 459 593 541 528 
7 472 445 495 521 599 491 487 
5 421 497 480 524 563 
9 572 567 482 536 539 463 525 454 543 
6 506 446 439 507 590 595 
6 467 515 449 591 513 572 
5 587 426 598 495 475 
4 579 436 531 545 
3 446 515 582 
3 436 518 500 
1 508 
2 573 487 
6 524 540 485 588 567 507 
5 555 447 583 588 581 
5 590 448 460 595 558 
2 494 531 
4 439 583 522 539 
5 546 570 566 575 450 
6 471 560 563 483 505 592 
4 511 567 464 456 
6 480 508 519 528 535 462 
6 472 536 589 595 532 479 
6 589 483 471 464 531 551 
7 518 519 566 540 465 588 475 
4 597 552 524 446 
6 570 586 493 573 443 496 
8 600 520 521 512 501 464 517 556 
3 560 550 474 
4 596 573 468 549 
6 498 543 530 514 469 598 
6 548 519 502 575 453 487 
4 588 475 452 592 
6 580 451 597 552 485 495 
4 498 544 483 549 
6 582 462 561 516 497 591 
5 541 540 497 549 572 
3 561 551 558 
3 500 525 527 
2 598 566 
3 514 508 542 
3 580 500 523 
4 519 480 557 497 
4 569 476 469 513 
4 575 600 588 495 
6 578 463 585 533 476 572 
6 498 469 480 571 489 589 
3 563 480 496 
3 573 592 556 
3 588 569 556 
4 552 588 526 472 
6 516 497 580 487 499 524 
6 543 572 579 593 469 513 
6 576 565 545 581 555 509 
5 600 552 591 473 483 
4 574 576 566 583 
3 599 497 522 
4 519 488 574 545 
5 474 503 522 573 494 
6 549 527 572 504 569 516 
3 553 558 505 
3 522 581 596 
5 552 479 542 554 503 
1 545 
5 597 518 537 566 481 
4 559 541 533 540 
4 560 600 592 531 
6 591 538 546 571 598 528 
7 510 484 549 586 595 572 509 
4 572 550 591 494 
1 530 
8 529 564 527 525 511 554 586 560 
6 523 557 538 494 536 546 
1 532 
2 513 552 
3 542 526 599 
4 542 578 552 585 
4 498 582 586 535 
3 541 553 496 
2 509 497 
5 502 558 595 541 588 
2 566 579 
6 523 547 518 596 577 555 
3 545 507 501 
4 554 578 594 571 
1 551 
2 584 559 
4 520 509 587 551 
3 576 593 544 
2 571 512 
3 508 551 513 
3 538 547 586 
1 572 
3 530 569 528 
1 546 
3 552 518 580 
4 524 571 577 572 
1 516 
4 520 551 591 557 
2 562 557 
3 537 576 538 
4 582 576 565 527 
5 540 571 566 537 551 
1 571 
1 574 
3 540 565 548 
3 538 599 530 
2 563 598 
2 592 553 
2 583 571 
4 596 547 556 570 
2 531 542 
2 592 589 
0  
2 546 543 
5 597 577 600 548 588 
0  
4 558 592 568 596 
2 580 567 
2 563 595 
3 548 539 591 
0  
0  
1 581 
4 548 567 560 583 
1 543 
4 592 591 544 578 
2 575 594 
4 555 598 568 553 
0  
7 554 560 552 547 564 584 558 
2 562 585 
1 566 
1 549 
3 575 554 578 
1 569 
1 589 
4 582 575 591 574 
0  
0  
0  
1 596 
0  
1 579 
2 595 580 
3 577 563 598 
2 592 586 
1 600 
1 579 
3 570 579 571 
0  
2 597 587 
2 596 581 
0  
2 594 595 
1 591 
0  
1 579 
1 582 
0  
2 582 590 
0  
1 580 
0  
0  
0  
0  
0  
0  
0  
0  
1 596 
2 593 600 
0  
0  
1 593 
0  
0  
0  
0  
1 596 
0  
1 600 
0  
0  
0  