16 464 441 582 443 121 226 148 508 228 371 253 281 27 544 61 422 
9 178 367 494 515 237 27 424 30 257 
17 264 171 242 511 527 17 33 347 71 563 177 112 174 7 261 142 179 
14 40 382 482 39 153 397 74 427 469 375 62 436 230 196 
23 226 93 449 162 291 267 501 431 290 282 72 161 304 375 447 508 130 126 341 207 62 509 317 
14 194 503 598 335 500 108 584 109 103 484 292 382 485 368 
25 518 271 352 472 179 310 383 93 562 98 304 337 458 78 58 84 164 409 247 216 150 426 308 427 111 
17 374 196 145 144 565 331 341 553 593 178 242 122 511 551 466 20 238 
27 244 328 503 11 599 307 352 454 124 238 196 538 554 171 340 480 320 93 571 48 518 77 532 202 14 596 139 
17 466 587 125 227 217 302 476 15 533 268 47 135 166 31 249 265 355 
12 310 112 497 294 80 201 590 400 300 427 369 405 
13 590 476 177 552 21 173 423 520 266 461 29 443 117 
15 316 600 226 578 134 434 368 324 384 308 221 423 331 81 82 
22 508 583 462 484 591 266 71 33 231 478 105 109 136 376 273 218 537 480 433 296 183 108 
13 583 513 163 296 25 280 342 434 256 483 174 314 560 
17 326 528 371 104 503 86 229 571 47 465 188 49 138 556 337 178 254 
27 580 555 131 115 225 518 92 221 420 569 596 100 521 27 276 58 427 236 597 512 252 529 139 253 551 351 535 
15 139 230 53 253 111 471 462 198 441 110 47 83 363 380 428 
23 482 561 441 388 320 205 217 491 220 109 204 380 494 156 267 51 39 530 548 107 440 131 486 
16 349 25 87 35 236 550 126 416 250 461 384 590 464 491 239 205 
15 451 299 56 81 218 306 479 540 48 51 63 85 465 29 413 
13 577 524 314 189 51 408 131 260 36 325 173 303 290 
18 159 571 282 227 472 257 468 176 459 274 98 305 142 127 415 119 473 587 
15 124 456 351 138 307 494 189 182 526 31 96 319 525 62 507 
18 569 241 374 28 423 597 382 355 309 114 122 174 89 74 497 207 538 565 
13 387 594 96 107 523 352 166 145 102 379 426 147 52 
18 583 299 282 511 118 260 197 394 550 132 293 475 473 304 308 171 492 468 
18 95 222 361 443 215 262 348 431 284 550 300 498 223 521 32 285 146 234 
17 450 350 245 339 573 557 247 172 101 585 467 538 31 59 194 201 185 
14 490 32 383 113 326 65 333 204 359 367 206 177 290 496 
16 506 328 391 386 72 205 594 417 258 307 293 483 311 573 216 78 
23 141 159 540 298 558 574 592 290 133 111 284 457 87 527 147 396 336 539 593 266 389 43 134 
17 302 196 388 230 363 336 38 490 43 483 123 65 182 67 315 207 341 
14 227 218 310 527 123 160 570 464 412 415 231 249 103 402 
20 516 473 312 381 428 403 566 504 286 142 481 307 598 462 431 410 595 329 140 493 
18 82 553 582 412 79 210 328 577 501 568 194 329 58 431 309 297 393 544 
16 599 88 424 125 181 555 580 451 99 264 503 404 243 117 165 77 
22 465 474 571 478 480 175 280 517 159 466 509 133 173 594 376 102 380 291 346 498 260 154 
21 314 230 441 416 212 586 112 147 61 296 50 369 572 498 99 154 185 506 145 218 125 
19 328 53 228 397 566 589 133 236 157 547 325 46 117 368 548 42 138 365 389 
20 272 113 563 222 159 332 368 583 56 54 419 589 359 100 115 493 399 229 265 567 
16 250 261 298 375 225 243 538 345 121 75 579 520 217 593 199 284 
20 297 436 535 454 262 215 430 281 245 59 105 178 594 590 247 266 392 236 315 57 
15 154 121 228 416 287 246 486 359 446 587 559 283 85 234 335 
20 501 390 321 357 478 49 227 484 226 241 588 272 210 422 592 84 557 91 367 573 
23 584 545 357 148 293 128 58 497 96 75 263 154 565 589 578 482 184 314 396 400 133 194 365 
14 588 180 539 72 121 450 165 577 366 223 90 200 445 378 
13 264 396 454 528 438 402 96 516 494 128 57 535 284 
25 196 551 103 189 266 283 483 138 157 84 458 273 54 586 463 433 154 534 427 337 442 233 435 439 76 
7 88 275 342 135 497 542 520 
10 542 107 210 407 99 457 300 56 375 113 
17 154 217 153 288 600 425 282 92 584 464 402 385 349 132 188 93 366 
14 405 483 547 452 223 589 195 586 214 413 425 504 240 342 
15 409 103 285 321 173 404 129 278 168 203 208 483 395 337 554 
18 288 106 532 164 83 348 340 220 516 225 196 302 559 498 439 481 179 595 
12 333 76 393 244 565 433 563 589 196 371 503 351 
18 500 281 276 510 166 341 457 362 550 590 191 423 352 528 599 87 165 137 
20 349 306 459 70 498 420 409 328 475 360 344 154 353 145 71 371 375 141 164 558 
16 117 395 596 293 566 534 250 240 91 254 416 358 77 315 177 330 
14 363 181 170 385 308 176 108 132 102 413 433 302 451 348 
22 297 316 170 149 65 276 463 580 506 212 526 589 323 411 232 556 495 398 336 137 143 449 
19 233 332 299 544 251 99 138 478 589 451 226 218 95 333 450 71 143 494 442 
14 574 447 246 554 384 599 400 65 403 581 114 363 454 361 
16 410 523 462 199 563 557 455 231 495 331 308 121 472 360 227 289 
17 191 474 189 219 589 584 184 204 174 489 442 67 247 347 412 402 322 
17 594 270 340 367 89 347 502 382 485 478 301 99 373 365 299 584 308 
15 180 83 441 126 579 183 233 346 88 242 143 461 544 151 516 
11 234 187 318 208 135 245 510 587 132 265 176 
19 512 576 436 232 529 477 403 410 443 106 285 193 145 275 316 416 266 534 272 
13 151 398 227 273 189 85 593 179 275 385 538 327 424 
19 292 511 441 474 436 228 187 471 587 252 598 223 561 475 114 259 192 336 313 
18 101 357 309 548 121 210 416 383 591 179 95 414 317 539 89 218 561 580 
14 160 552 329 131 449 391 598 501 334 560 529 342 542 522 
19 419 214 509 597 512 496 136 501 464 387 412 259 437 594 341 367 108 203 436 
14 216 354 206 464 499 266 238 473 509 374 482 480 485 500 
20 521 173 162 264 451 259 110 582 203 409 225 355 429 547 231 342 591 565 416 239 
19 507 553 597 233 434 203 472 579 502 454 185 289 166 456 464 344 130 241 143 
14 564 473 259 79 208 386 287 493 426 317 529 537 202 327 
14 127 374 566 383 253 292 322 204 397 502 386 389 407 452 
18 128 100 144 161 518 372 380 251 328 405 257 202 484 600 434 199 223 341 
15 343 549 590 304 412 262 370 469 407 91 317 564 301 85 169 
11 225 191 488 294 563 558 507 168 396 360 413 
16 101 359 367 128 280 456 116 384 474 202 311 334 120 242 537 593 
13 326 196 118 526 385 297 233 146 298 459 503 558 428 
15 472 475 387 505 204 288 337 255 230 262 482 98 469 284 454 
20 203 445 100 144 188 565 467 371 110 525 356 208 207 308 293 582 412 125 282 511 
17 157 555 313 284 250 213 161 272 88 191 169 155 151 304 322 487 486 
11 271 187 92 541 401 428 117 140 586 269 464 
10 446 420 318 422 489 444 499 544 477 279 
17 476 557 224 228 478 528 293 302 485 299 537 188 165 349 435 276 498 
19 223 194 466 400 417 589 134 354 309 138 423 201 388 554 385 141 161 433 383 
15 372 493 554 273 310 415 413 181 369 563 210 170 242 112 199 
11 579 159 205 129 421 308 209 353 330 376 107 
20 216 170 349 227 333 454 364 397 337 335 305 502 112 205 340 281 453 355 547 124 
20 333 262 208 212 384 560 160 96 522 165 251 285 314 232 162 525 458 215 207 459 
14 459 152 306 259 330 540 290 600 333 232 438 504 310 453 
17 212 260 408 384 359 206 139 268 354 188 433 243 410 215 369 380 187 
12 597 446 296 289 250 314 224 463 326 405 332 579 
19 316 459 195 421 405 509 308 475 445 229 450 433 464 477 366 101 108 111 125 
20 547 304 411 527 280 216 160 401 567 141 565 312 572 570 181 193 525 102 362 486 
13 194 490 227 279 467 164 509 207 308 399 157 148 373 
13 234 411 181 547 214 560 501 220 530 242 587 526 392 
14 510 273 477 361 187 346 215 122 359 229 324 302 419 380 
26 221 474 365 395 598 225 207 461 496 312 219 174 553 584 508 279 224 471 406 296 166 265 555 306 273 557 
18 442 435 473 487 480 284 451 446 294 410 336 293 302 445 208 528 195 364 
22 339 237 251 299 242 388 458 346 515 499 470 421 363 161 256 362 512 303 140 449 452 555 
9 254 513 224 389 188 256 335 519 143 
9 518 112 190 587 164 231 424 468 205 
11 500 179 332 348 560 353 238 519 279 397 319 
14 158 539 486 569 337 556 434 128 492 351 126 215 155 338 
9 552 508 222 407 595 365 387 149 463 
18 427 261 293 535 379 461 240 477 124 221 245 203 460 479 524 291 384 442 
21 283 577 423 422 267 594 492 280 550 518 145 479 199 366 424 197 433 338 574 254 551 
13 242 517 259 395 166 411 591 360 434 436 266 131 584 
21 307 371 457 393 217 281 229 179 386 547 116 335 294 279 504 248 147 339 234 202 266 
13 134 539 433 201 165 531 332 286 515 564 403 154 446 
10 459 478 483 130 365 300 582 151 218 595 
12 185 464 289 355 238 246 572 566 573 521 412 136 
9 541 440 419 328 422 414 281 297 443 
17 178 572 499 500 132 498 341 407 222 587 199 295 194 340 243 474 322 
15 457 534 335 299 232 344 475 482 178 546 359 258 515 435 226 
20 524 548 531 235 502 563 123 370 447 218 388 595 590 369 165 552 473 133 230 234 
11 364 359 160 407 257 188 217 236 570 126 352 
15 484 591 276 226 486 518 398 335 362 260 451 348 171 307 144 
8 260 511 160 382 195 257 594 457 
8 486 549 191 214 497 395 430 483 
18 247 369 278 404 201 211 554 450 366 437 222 271 168 162 439 557 444 427 
19 495 513 244 373 149 453 184 313 201 253 590 438 435 291 318 391 529 243 444 
15 536 473 403 549 134 478 420 470 209 546 499 582 365 538 307 
12 429 187 165 274 410 137 225 308 260 460 413 425 
13 467 256 387 165 302 500 413 260 593 364 258 180 317 
14 321 176 425 144 501 520 497 140 567 225 267 364 235 570 
14 341 212 387 427 231 404 384 471 367 486 418 406 134 519 
13 330 558 593 309 473 145 474 508 269 540 375 483 202 
14 566 488 258 364 203 269 517 171 399 567 197 504 593 469 
10 430 317 392 151 384 227 428 218 391 526 
16 175 597 334 200 419 397 164 393 204 335 529 504 357 511 314 188 
14 463 268 333 469 499 198 316 534 505 233 413 503 428 173 
16 388 537 268 466 511 396 432 278 159 539 522 320 593 562 489 217 
13 201 507 202 187 252 299 526 344 188 314 183 315 342 
14 345 428 326 207 459 261 221 287 531 572 556 412 497 414 
14 206 170 356 319 386 372 378 597 200 585 511 293 588 307 
15 587 535 283 413 248 377 278 170 280 345 148 409 176 239 554 
21 288 153 221 322 299 336 395 242 459 575 280 275 266 219 403 371 597 438 342 443 461 
19 161 269 234 243 399 581 451 274 578 163 377 533 517 496 344 441 212 354 592 
9 277 327 446 483 163 178 354 274 154 
24 380 418 251 214 560 411 436 353 487 460 390 517 182 301 185 492 208 446 308 154 225 422 322 311 
6 326 409 508 396 237 536 
14 243 529 471 233 185 304 238 293 177 255 388 456 220 599 
13 302 199 300 356 410 510 205 449 411 172 542 462 278 
14 568 299 581 323 505 502 287 492 300 563 413 558 527 408 
14 546 580 465 514 590 175 221 289 412 255 189 251 279 411 
13 464 250 347 565 509 562 305 523 374 545 445 543 458 
18 227 546 492 192 487 360 272 187 520 269 478 428 461 498 588 392 555 482 
19 315 361 432 531 536 381 353 241 207 505 516 532 586 591 495 205 227 560 530 
12 361 565 451 433 457 569 520 454 405 344 301 450 
11 556 246 212 532 378 463 559 432 318 458 341 
14 316 566 511 376 428 232 262 288 552 392 385 594 533 588 
24 394 254 360 162 518 353 544 567 220 206 334 328 442 451 247 432 510 459 304 229 354 367 387 257 
13 595 533 214 164 489 346 331 576 517 459 589 542 305 
13 209 270 466 225 175 593 238 533 461 192 227 328 379 
10 523 425 506 356 559 550 181 499 175 543 
13 477 469 252 233 248 565 590 401 402 455 184 261 381 
12 541 246 500 339 495 301 342 464 236 352 209 303 
12 373 390 252 194 565 551 172 219 566 493 442 588 
12 514 541 406 512 256 299 566 563 590 459 412 405 
6 474 536 431 577 335 369 
18 422 445 489 400 486 586 585 376 225 487 258 337 473 208 406 295 460 476 
13 172 538 324 289 449 202 479 513 318 390 420 249 432 
9 501 323 256 241 502 514 564 490 267 
19 287 322 368 384 245 441 388 293 464 440 398 260 503 249 311 346 320 198 187 
17 335 433 334 466 195 420 514 223 475 319 568 412 495 283 393 245 345 
9 458 419 302 545 187 492 289 518 414 
21 555 267 374 399 408 373 312 309 382 197 439 507 244 422 463 187 341 453 376 446 359 
7 462 456 509 547 548 412 555 
15 283 373 231 497 314 510 470 499 182 312 277 330 433 519 199 
12 260 292 226 377 536 242 359 204 430 576 530 396 
8 485 255 345 591 181 355 290 569 
14 565 519 307 370 417 553 284 360 314 364 245 252 420 210 
19 200 521 205 505 373 394 532 247 449 227 185 552 450 341 316 492 187 588 563 
11 301 400 319 532 409 354 282 548 590 286 232 
12 432 424 445 552 535 184 492 547 508 490 344 505 
8 587 349 288 498 538 388 496 463 
18 255 256 521 596 385 209 345 499 321 201 216 443 323 191 215 360 474 512 
13 377 364 355 546 316 413 261 514 321 195 490 498 556 
6 345 425 515 469 217 321 
11 413 211 444 226 430 446 272 275 483 431 379 
14 583 349 403 500 204 213 498 464 317 354 301 452 285 435 
8 363 420 204 311 391 347 274 223 
13 325 439 418 374 576 544 346 319 224 348 584 327 559 
13 430 534 194 464 575 470 361 380 494 226 199 232 522 
17 285 566 257 561 207 420 325 315 575 375 505 229 206 582 353 217 273 
7 525 472 336 496 533 546 320 
12 343 251 204 208 352 590 503 528 532 431 467 279 
12 408 391 398 399 315 557 476 207 502 490 312 437 
8 444 484 331 438 357 295 313 489 
11 388 480 369 558 329 452 382 315 532 552 412 
13 449 381 328 213 340 271 410 495 460 226 541 423 285 
17 407 352 332 501 476 508 537 433 381 225 304 252 356 362 435 448 517 
14 288 428 328 314 421 576 210 470 291 578 503 313 274 575 
18 467 307 254 398 579 277 375 390 216 483 512 417 554 331 250 533 234 212 
13 224 258 407 498 312 278 450 530 468 560 364 599 416 
12 220 237 272 331 588 556 348 484 498 548 554 228 
13 211 308 314 307 311 540 306 573 493 316 231 351 221 
9 478 252 476 329 232 535 545 405 578 
11 568 380 313 304 325 284 596 294 428 521 266 
20 376 270 477 302 490 411 362 330 571 357 299 555 459 484 295 457 481 237 423 487 
12 499 228 592 342 431 479 498 450 421 362 501 466 
11 484 305 379 268 245 393 525 477 445 342 328 
12 582 464 333 596 266 239 576 567 570 449 517 413 
12 361 217 312 358 238 321 430 354 504 590 416 299 
12 473 493 253 325 441 318 404 339 322 588 409 282 
13 342 386 369 257 547 438 378 280 420 381 413 443 486 
6 349 467 588 485 345 466 
13 402 309 320 436 400 389 461 431 446 479 449 276 531 
9 326 565 437 274 538 514 489 449 259 
11 495 445 295 491 459 552 428 251 597 290 450 
7 430 486 315 573 459 369 258 
9 558 477 565 329 293 457 556 338 234 
10 312 314 585 344 237 369 504 507 485 589 
9 524 396 413 310 278 351 415 457 412 
14 250 335 242 497 264 227 594 380 229 499 374 256 436 260 
13 407 544 284 393 307 278 300 510 373 493 308 259 515 
14 399 589 450 236 320 489 398 558 568 343 543 491 261 485 
12 305 583 564 500 497 473 491 432 526 452 390 508 
9 389 327 253 383 342 321 443 286 434 
12 410 490 483 376 531 594 243 468 506 424 325 279 
6 375 240 293 514 260 276 
15 332 265 558 582 568 537 415 580 285 525 512 342 278 539 567 
10 245 386 358 399 327 506 471 264 491 339 
16 572 258 464 432 419 262 483 330 370 273 453 269 599 371 259 563 
8 597 306 448 453 407 436 255 293 
18 373 431 512 344 586 583 475 319 253 428 521 493 283 272 411 536 245 574 
15 273 512 424 421 256 519 383 385 347 541 517 520 352 314 442 
11 390 546 461 420 385 312 371 515 468 590 504 
13 442 460 344 337 294 330 569 469 426 414 575 247 387 
7 372 379 332 504 576 443 466 
15 285 465 324 563 461 377 278 480 444 434 414 557 515 415 553 
7 552 454 323 420 287 422 532 
15 592 600 387 325 265 476 328 372 243 381 507 308 494 422 301 
8 364 415 480 500 502 533 386 331 
10 548 260 378 591 469 418 293 517 598 325 
14 398 600 462 423 343 271 396 344 364 476 569 532 557 256 
9 579 410 341 300 472 514 493 344 434 
10 282 484 308 312 582 383 558 423 517 385 
12 508 292 291 488 575 288 273 259 537 457 500 589 
6 305 374 306 598 301 363 
6 303 396 310 559 435 285 
9 595 281 259 327 255 268 434 272 407 
12 404 446 563 415 456 470 306 447 438 553 407 481 
14 479 394 411 482 276 504 294 444 306 476 408 397 506 322 
21 372 368 488 267 555 264 284 480 532 534 489 525 472 586 569 371 523 294 520 379 259 
13 362 513 391 568 448 347 393 427 382 402 440 548 410 
7 406 578 265 294 285 559 569 
13 450 405 532 516 414 423 420 511 338 380 309 415 508 
13 276 403 463 431 476 428 394 300 525 269 363 507 466 
16 293 355 489 380 302 550 357 515 569 300 271 526 350 413 352 351 
9 534 354 275 333 571 270 400 577 471 
8 491 386 508 404 551 454 350 473 
10 309 345 434 393 361 477 540 515 544 329 
8 518 470 486 392 298 561 281 578 
12 533 359 274 299 493 406 582 301 391 326 548 365 
10 287 387 521 365 373 456 496 571 438 506 
11 271 277 423 411 409 598 444 366 410 268 367 
6 366 468 435 282 391 481 
8 384 555 411 345 551 478 397 526 
8 449 384 544 374 534 440 566 379 
12 496 490 321 584 435 292 545 423 409 419 586 457 
10 425 400 341 363 575 600 391 360 335 284 
10 590 522 563 276 577 404 416 317 299 420 
9 588 434 501 530 363 576 452 471 552 
11 345 568 363 394 528 318 392 380 442 461 545 
10 385 550 408 525 533 340 455 344 397 443 
17 395 315 548 378 339 360 577 342 301 533 582 514 391 592 294 411 412 
11 582 291 340 581 421 523 329 573 494 312 407 
10 432 488 566 512 580 449 519 528 490 500 
5 522 499 322 460 311 
11 304 454 359 324 504 297 446 291 396 308 279 
15 390 287 482 347 329 596 542 311 539 384 534 304 407 499 492 
6 480 370 580 525 418 549 
6 301 383 400 582 569 481 
12 287 423 323 443 306 325 312 505 528 389 571 433 
11 547 407 296 393 456 319 471 598 313 563 422 
11 346 345 321 369 526 323 444 338 568 470 595 
8 591 459 511 550 563 348 317 469 
15 560 533 359 351 411 446 303 403 342 540 410 535 423 311 433 
17 473 549 446 397 321 504 532 305 500 365 476 367 432 547 320 537 295 
7 394 339 522 474 504 317 459 
6 439 497 334 406 509 327 
5 596 345 448 377 509 
9 299 413 572 583 341 399 570 357 592 
4 357 532 447 405 
7 358 344 348 543 552 553 354 
9 542 437 349 357 456 337 532 596 318 
10 439 585 554 308 446 395 366 504 579 324 
4 376 383 495 561 
3 484 553 376 
7 354 508 424 521 382 460 443 
9 595 370 348 521 556 327 406 517 380 
7 343 375 534 422 417 572 421 
10 526 450 563 502 498 382 332 596 592 415 
7 361 400 356 479 570 337 419 
13 370 406 470 558 398 443 457 414 397 591 516 551 409 
10 402 499 449 551 344 511 552 455 380 512 
9 335 506 541 552 425 494 442 576 588 
11 509 354 503 472 312 480 547 549 380 512 347 
10 373 556 453 369 576 383 504 344 473 431 
7 482 524 589 472 530 473 595 
4 323 519 561 571 
6 457 381 590 532 378 484 
8 414 383 376 583 428 392 452 549 
7 344 403 534 572 330 333 375 
10 592 512 339 344 571 528 433 574 362 519 
12 466 375 488 558 582 475 346 384 343 350 371 524 
6 464 456 538 573 413 498 
8 342 361 365 427 535 422 357 450 
5 599 478 425 482 374 
10 554 556 507 340 504 546 477 420 510 494 
10 396 356 499 516 361 414 477 585 520 548 
8 457 551 342 412 336 599 516 395 
2 517 583 
6 378 394 531 341 590 492 
9 441 583 429 442 324 551 539 495 482 
5 359 342 571 589 437 
10 422 455 398 535 471 457 447 446 491 338 
13 328 479 440 430 482 448 512 569 455 341 370 457 423 
9 338 550 545 500 585 377 478 399 520 
10 418 494 356 561 454 598 491 382 346 438 
6 570 346 598 423 354 586 
15 523 437 492 384 417 361 472 485 481 580 367 567 475 335 556 
9 427 600 425 585 487 360 521 538 556 
10 590 520 466 457 353 509 591 449 538 584 
13 395 392 436 598 592 545 433 518 404 531 521 554 599 
15 596 424 388 561 358 367 470 559 360 453 579 455 463 450 501 
6 586 530 427 572 450 384 
5 426 339 492 433 467 
6 566 366 586 553 513 389 
11 388 462 529 422 351 343 471 429 442 443 541 
5 506 582 524 404 449 
4 352 354 573 480 
10 411 420 345 390 466 553 551 586 450 567 
8 414 515 421 454 393 541 344 407 
9 480 420 473 451 419 467 576 558 414 
5 508 529 474 562 483 
6 505 414 417 500 456 589 
9 554 412 518 479 353 429 375 552 387 
8 356 423 354 437 365 594 430 506 
11 484 391 390 541 517 534 594 385 364 363 459 
8 598 384 360 531 495 359 362 460 
3 490 570 401 
3 556 374 433 
8 497 473 355 381 570 546 384 549 
11 540 517 581 488 398 522 589 511 416 533 456 
4 576 563 575 436 
4 365 505 584 417 
7 410 545 412 488 569 383 390 
7 409 407 454 597 491 427 552 
5 503 597 419 381 539 
11 360 414 452 509 579 408 543 483 439 525 546 
10 402 379 540 365 529 599 507 503 550 589 
8 382 400 474 423 436 456 490 402 
7 460 498 529 582 481 585 462 
7 394 581 477 492 368 508 580 
3 554 583 370 
5 593 413 434 461 490 
3 470 446 385 
4 410 575 400 517 
10 444 497 600 587 457 393 476 571 595 425 
5 452 497 534 589 459 
15 547 590 442 494 413 469 462 404 427 514 574 564 511 559 459 
9 534 513 469 558 589 502 481 580 541 
11 539 483 451 575 445 409 428 465 373 537 411 
9 535 435 586 508 493 465 479 553 593 
8 404 458 462 463 439 467 595 539 
7 479 553 520 565 444 548 487 
5 447 388 552 510 574 
6 380 492 494 390 490 477 
8 471 516 447 442 449 423 404 584 
10 567 482 588 504 455 428 570 593 405 581 
5 540 492 579 440 573 
8 437 468 398 512 491 507 389 384 
5 390 459 576 525 413 
4 514 413 402 575 
7 401 420 541 500 584 549 412 
4 472 424 504 428 
4 588 561 406 579 
6 572 449 515 491 524 397 
8 476 390 408 560 444 543 550 475 
5 558 423 472 585 393 
9 430 396 485 427 598 501 576 591 525 
8 545 513 593 444 497 579 596 447 
5 491 476 459 514 505 
4 443 572 418 478 
4 519 408 412 562 
6 488 423 439 578 463 493 
12 469 565 577 473 398 547 483 428 418 556 569 408 
6 502 557 592 439 407 599 
13 593 416 538 430 582 418 540 433 526 532 557 556 404 
10 464 465 417 585 494 592 491 432 587 595 
6 471 569 595 466 507 403 
5 589 455 596 411 529 
6 421 466 549 456 419 422 
10 577 548 420 597 537 412 508 418 560 553 
10 474 548 504 417 412 565 519 496 457 509 
9 467 556 589 580 563 456 451 600 409 
8 432 493 579 550 463 541 465 474 
9 408 485 456 502 548 492 539 550 489 
5 552 432 594 483 427 
6 490 597 445 537 423 471 
2 569 485 
7 525 417 499 581 505 536 510 
7 476 475 586 417 549 568 573 
5 506 455 590 559 537 
6 446 581 426 476 557 487 
1 548 
3 427 552 562 
4 445 452 496 575 
7 552 576 479 495 481 437 459 
5 481 486 578 487 587 
8 433 527 512 425 446 525 482 580 
5 578 462 475 443 573 
12 571 459 448 443 497 445 495 597 546 433 581 552 
8 493 505 579 509 503 587 488 427 
4 489 539 426 510 
5 540 547 479 585 448 
5 460 505 440 580 493 
4 574 536 501 435 
2 435 481 
9 569 575 490 597 475 478 588 587 530 
6 486 574 460 599 537 499 
6 508 538 580 571 483 541 
2 560 573 
1 544 
4 482 513 456 487 
5 465 593 525 589 510 
7 530 505 471 448 502 544 548 
2 598 599 
5 492 593 597 482 565 
6 579 574 595 459 491 596 
7 566 584 488 556 544 476 498 
4 567 502 578 447 
3 502 596 526 
5 521 511 530 573 560 
12 586 467 543 588 534 461 562 538 505 542 577 573 
5 502 560 573 544 539 
5 542 463 562 462 474 
0  
2 476 464 
6 514 460 546 554 544 474 
0  
3 526 476 543 
4 576 592 554 504 
5 520 518 471 460 535 
6 584 460 515 590 532 502 
4 512 502 552 575 
1 544 
7 489 548 512 462 558 595 592 
1 567 
4 584 533 595 562 
5 508 486 502 589 580 
1 590 
4 588 542 524 468 
3 586 464 473 
4 523 466 592 593 
3 583 600 486 
4 498 554 563 523 
5 593 507 521 496 490 
4 590 522 584 542 
5 594 477 545 587 478 
3 485 594 473 
3 481 562 569 
5 566 543 585 570 549 
4 488 590 584 495 
0  
1 499 
5 492 576 496 519 499 
3 500 561 588 
6 548 573 584 538 500 594 
4 535 540 555 558 
5 554 581 539 537 490 
3 532 526 576 
5 541 532 553 586 575 
0  
6 498 499 599 491 576 549 
3 585 540 542 
2 581 493 
2 561 535 
1 588 
5 497 538 548 562 568 
3 592 556 549 
7 535 577 509 510 585 561 566 
5 545 537 577 570 494 
4 526 511 543 541 
5 556 514 559 510 527 
3 516 514 521 
3 538 555 532 
2 516 569 
5 581 528 560 569 527 
1 582 
5 545 531 579 504 521 
3 510 505 553 
4 543 515 537 550 
0  
3 564 535 530 
1 572 
2 564 596 
3 566 576 543 
3 536 551 565 
5 596 569 586 539 549 
2 569 578 
1 528 
2 558 559 
3 593 591 599 
3 517 531 549 
0  
2 547 585 
0  
3 593 551 587 
4 590 539 564 579 
3 583 574 596 
1 580 
3 526 569 533 
3 572 532 539 
2 527 548 
2 591 566 
3 600 598 570 
2 542 585 
1 594 
1 558 
2 535 531 
4 546 555 593 543 
2 540 596 
1 537 
2 563 559 
2 540 585 
2 560 588 
3 578 560 562 
3 577 570 539 
4 559 568 577 580 
1 585 
5 543 568 566 575 574 
1 565 
1 563 
3 580 572 597 
3 563 586 572 
0  
3 585 587 553 
2 581 594 
2 575 550 
1 593 
2 565 567 
2 569 584 
5 593 600 597 594 599 
1 577 
5 565 600 577 569 570 
1 587 
0  
2 575 595 
0  
0  
1 589 
1 569 
1 567 
1 570 
1 593 
1 584 
0  
0  
0  
1 593 
2 580 588 
1 581 
0  
1 593 
0  
0  
1 584 
0  
1 591 
0  
0  
0  
0  
0  
1 598 
1 599 
0  
1 598 
1 596 
0  
0  
0  
0  
0  
0  
0  
0  
0  
0  
0