13 598 193 239 331 475 537 492 325 25 389 535 351 529 
15 457 386 592 222 213 80 420 211 541 265 17 446 334 319 562 
17 237 43 143 139 234 179 85 166 369 118 288 271 355 580 323 41 335 
23 201 283 160 408 596 168 281 292 437 326 18 499 464 465 199 270 161 457 275 192 180 122 519 
14 440 64 378 459 158 233 207 78 395 314 388 507 126 355 
14 158 367 534 153 214 165 515 548 505 306 90 201 252 585 
18 179 287 434 245 24 535 356 170 261 50 177 202 291 532 500 103 192 413 
29 503 414 63 274 456 442 577 557 272 256 255 183 286 499 593 546 49 201 187 525 125 267 461 261 507 354 386 84 117 
22 509 524 46 267 273 67 400 486 50 472 542 112 144 109 84 217 262 380 362 373 240 446 
14 448 463 147 123 462 154 328 213 391 304 75 442 217 339 
11 396 212 516 17 513 216 494 431 338 91 81 
18 332 528 448 320 206 301 427 238 200 18 409 551 207 529 137 518 453 49 
24 114 18 399 328 120 532 418 123 91 456 36 421 244 454 428 511 294 338 575 387 547 477 529 533 
25 466 70 73 401 290 51 287 41 217 162 311 314 429 415 557 257 418 113 119 519 546 78 508 115 510 
15 133 228 537 358 468 527 297 487 561 45 78 330 49 531 344 
16 472 460 407 126 462 508 155 524 191 398 274 276 303 375 427 29 
22 97 166 434 179 392 122 158 464 353 508 205 418 138 148 517 70 223 407 545 153 504 327 
13 460 243 484 447 560 579 587 330 204 302 424 221 157 
28 225 279 302 71 407 364 107 329 136 429 520 92 501 272 506 338 319 72 153 392 441 45 391 351 451 466 143 552 
13 562 244 142 530 523 247 552 510 338 126 499 106 574 
16 134 335 76 100 65 181 61 55 103 33 368 211 362 442 66 379 
15 87 160 110 468 145 55 419 312 474 303 557 462 210 556 369 
18 218 167 434 236 599 32 461 552 254 242 313 558 198 169 513 585 537 185 
19 251 324 285 412 380 504 86 331 478 120 150 361 438 424 454 237 254 189 561 
15 168 579 34 396 58 167 302 109 512 107 106 545 572 380 118 
24 207 562 91 62 285 423 446 228 520 597 267 592 499 341 328 550 399 435 101 66 59 180 445 483 
21 450 287 55 34 552 274 424 341 394 130 66 534 377 181 155 446 45 99 285 513 360 
14 220 373 597 147 141 36 555 43 408 550 125 437 107 439 
15 390 383 533 545 366 191 486 479 466 492 399 206 363 79 463 
13 361 413 193 552 273 40 508 575 245 327 287 211 164 
17 573 450 181 503 415 522 157 159 111 112 134 45 283 178 472 567 187 
17 88 96 598 196 168 161 443 69 555 333 456 359 483 289 536 73 35 
16 168 70 150 92 338 203 77 486 466 525 512 355 62 189 371 63 
16 331 417 48 375 418 311 569 217 166 322 558 348 383 527 513 413 
16 591 118 123 460 196 266 293 550 574 66 374 389 260 498 344 54 
20 473 269 237 490 455 136 512 176 199 412 369 243 460 592 56 53 212 466 544 146 
26 69 370 574 138 173 447 196 496 390 371 560 206 252 325 245 125 243 321 315 330 266 510 175 202 299 579 
13 81 540 416 522 53 468 125 286 432 99 414 198 145 
14 136 384 428 569 174 367 510 429 593 425 213 261 222 281 
12 284 522 262 149 476 597 490 587 176 46 424 159 
16 576 551 218 248 263 171 250 580 71 306 279 475 550 368 180 217 
16 166 269 582 377 144 143 346 371 585 169 569 442 164 459 360 485 
16 316 430 64 326 262 569 88 254 162 261 452 331 108 110 101 516 
10 290 433 599 286 529 209 57 564 312 500 
14 585 452 62 232 157 594 536 463 435 253 178 572 411 182 
20 394 83 427 205 208 353 251 446 590 135 407 518 152 113 71 511 157 97 447 409 
18 119 71 407 450 471 135 127 501 485 353 187 574 332 363 148 585 219 514 
15 106 149 371 542 103 368 328 161 425 242 581 365 413 134 488 
14 516 413 525 289 281 469 564 584 212 299 327 217 574 570 
11 266 109 498 196 53 78 104 165 69 413 446 
21 110 412 413 315 262 537 495 441 214 368 304 388 124 240 178 591 464 475 410 275 138 
12 414 538 92 481 439 296 342 410 570 91 495 290 
18 534 555 414 89 428 510 493 368 303 476 214 477 243 545 458 345 292 434 
17 551 204 141 448 337 545 373 259 381 417 564 199 465 269 246 225 109 
16 498 422 475 559 350 239 386 184 587 366 311 414 578 95 163 84 
24 401 101 153 338 178 459 62 120 501 420 472 352 164 215 240 78 144 414 226 329 470 408 289 537 
15 146 428 290 426 251 533 521 163 234 393 113 436 577 178 203 
18 306 322 527 113 327 549 592 416 117 586 245 157 396 524 405 138 125 569 
18 307 461 287 486 515 71 569 429 200 233 254 596 561 197 117 597 393 106 
13 366 389 83 567 536 61 150 241 211 379 545 210 391 
18 506 306 600 401 145 385 241 564 568 297 542 579 345 183 144 276 266 279 
14 580 108 376 473 202 371 445 370 475 189 398 542 424 91 
14 504 544 337 184 76 596 480 322 324 234 186 352 262 284 
18 250 200 104 237 378 580 85 120 470 355 219 482 167 205 426 533 425 225 
17 203 241 468 66 235 118 345 116 162 205 269 487 354 215 407 352 115 
19 199 514 449 447 185 421 134 414 203 494 378 99 528 72 302 195 597 106 97 
21 532 439 164 123 540 396 233 571 526 515 358 357 240 110 516 543 226 192 96 107 133 
13 355 131 519 315 453 567 336 226 375 247 563 415 125 
19 551 500 532 371 108 348 584 412 454 249 224 181 352 237 268 424 266 157 182 
19 461 88 447 406 357 262 382 574 572 334 242 327 170 147 433 136 333 130 174 
18 323 572 413 262 513 475 542 553 174 358 216 407 225 517 555 564 528 117 
13 313 513 374 496 146 249 405 439 282 436 225 280 135 
14 375 270 251 144 503 80 473 104 543 446 355 253 261 544 
11 221 224 468 360 158 267 380 473 465 529 219 
8 381 564 91 565 454 113 213 143 
13 168 90 355 379 319 480 329 272 400 227 250 211 574 
10 193 501 190 99 152 200 472 320 344 219 
9 287 516 208 355 165 188 375 243 509 
23 236 270 430 441 303 223 465 271 515 140 462 599 367 341 132 361 478 90 286 339 317 87 413 
14 322 338 370 515 501 551 172 348 323 291 309 339 365 129 
14 524 160 302 290 189 423 98 221 397 437 491 115 576 499 
11 157 237 248 284 396 582 436 444 353 228 97 
17 547 176 236 124 528 522 208 211 120 297 575 302 393 436 505 322 296 
12 180 94 108 98 240 527 341 400 598 335 319 266 
16 201 196 538 102 428 476 490 342 406 422 311 116 222 543 226 297 
17 589 239 479 127 526 346 259 269 153 310 426 477 262 398 200 421 460 
14 442 463 513 532 389 579 371 419 180 257 501 565 149 99 
18 282 204 441 258 453 260 537 101 159 547 203 415 589 420 540 211 384 112 
19 462 104 476 380 594 279 244 471 526 479 108 497 139 179 408 553 159 447 330 
17 321 266 237 440 459 524 138 259 185 547 358 302 535 324 179 223 376 
19 178 514 560 367 151 197 224 186 239 474 526 432 525 574 449 599 301 375 486 
14 449 439 366 592 135 399 454 333 581 544 190 214 545 298 
15 553 210 111 346 376 259 420 300 315 547 576 486 170 563 152 
12 369 471 144 475 464 295 499 498 470 154 148 537 
12 111 220 161 387 148 466 222 402 345 294 526 383 
17 445 360 520 244 525 134 204 488 464 415 374 528 112 345 323 273 251 
21 413 229 427 421 271 446 486 554 159 200 295 519 346 261 207 595 561 407 121 303 356 
15 471 549 164 214 336 119 469 399 595 586 384 472 227 280 419 
18 358 587 326 451 226 520 445 380 109 576 364 137 415 208 523 345 442 375 
10 441 215 498 271 248 310 396 103 470 584 
21 534 352 315 299 397 362 290 367 204 554 355 156 358 168 231 449 393 165 134 153 493 
18 186 461 112 372 238 153 285 492 377 542 419 150 491 103 306 139 192 594 
16 195 126 393 355 145 371 414 546 578 197 376 159 568 419 489 552 
14 463 260 507 181 235 297 151 495 178 229 539 392 219 433 
17 173 560 311 590 350 308 182 224 260 185 229 304 301 595 361 556 460 
12 275 522 204 321 159 570 202 564 132 290 347 470 
14 535 596 280 274 321 248 298 413 414 278 168 218 194 305 
11 275 516 487 349 375 541 362 286 363 162 139 
17 545 211 543 153 579 314 447 476 529 349 282 237 470 524 377 532 143 
27 539 594 166 352 543 398 403 552 520 279 501 408 504 255 199 281 324 356 565 207 424 321 265 465 589 471 547 
21 133 221 482 422 303 248 541 185 462 548 481 377 540 434 238 314 300 117 497 217 456 
17 154 343 205 369 554 447 230 279 231 289 204 164 290 307 553 313 266 
14 382 431 302 412 252 509 477 132 141 379 443 134 285 512 
12 537 280 339 298 349 519 435 257 167 406 600 332 
19 567 242 520 512 381 321 595 447 400 243 353 165 573 117 207 366 444 430 216 
16 533 493 504 409 336 305 219 554 130 310 157 175 562 510 283 164 
16 213 233 515 551 124 489 224 325 387 122 507 185 323 304 166 255 
11 209 291 266 304 418 355 189 246 285 303 289 
21 590 339 154 314 233 313 575 560 181 497 221 329 400 514 558 169 122 208 184 547 404 
15 329 409 360 244 393 171 279 210 134 230 153 447 127 160 231 
13 448 200 575 485 438 306 546 589 467 239 452 368 166 
13 597 585 164 418 515 516 592 201 433 570 281 534 324 
15 457 433 254 449 332 511 369 574 148 241 295 435 454 348 518 
10 588 370 345 551 420 461 299 470 521 391 
23 495 198 180 248 305 277 257 441 306 218 505 587 445 324 176 519 410 148 364 397 254 444 293 
10 410 345 156 241 173 146 585 423 534 482 
19 398 374 143 463 600 418 144 598 297 175 246 359 283 344 446 322 181 212 211 
12 190 157 568 384 521 137 466 304 408 457 361 277 
10 491 461 427 212 476 132 169 155 160 190 
7 512 238 521 236 519 441 200 
14 322 536 288 189 575 254 330 158 186 361 407 393 355 532 
13 538 532 340 273 457 461 289 584 554 190 176 488 404 
8 234 388 186 587 450 355 460 380 
19 562 537 424 279 473 591 285 274 168 320 333 200 152 363 156 594 578 417 450 
15 313 315 291 532 211 596 494 355 354 586 256 265 378 293 436 
14 209 363 582 562 516 394 178 552 415 436 564 547 334 323 
12 513 576 183 574 393 346 599 569 162 219 506 213 
5 452 307 443 474 485 
13 424 532 513 308 240 489 366 545 347 562 386 411 466 
12 281 167 390 522 149 417 592 574 352 159 172 453 
8 470 577 206 438 143 592 595 464 
16 551 438 149 194 315 252 443 187 285 331 512 359 195 380 218 469 
14 193 254 563 406 324 583 510 578 155 581 501 594 455 213 
17 378 397 256 379 506 240 271 577 321 432 545 427 574 512 330 479 472 
15 255 168 216 327 355 476 280 596 267 223 170 513 558 215 160 
18 548 496 363 156 493 513 508 554 405 447 357 247 373 334 318 544 431 551 
11 415 322 176 515 152 411 189 317 159 296 372 
15 383 535 344 318 507 592 570 484 371 210 281 189 407 160 376 
12 452 540 242 523 258 155 350 501 334 396 169 434 
19 249 166 303 360 524 258 531 405 516 444 317 407 471 473 203 309 561 187 261 
14 395 265 374 493 402 202 396 159 461 254 321 356 232 390 
12 404 485 535 324 182 240 513 262 423 480 332 564 
16 337 238 165 249 207 501 598 392 578 386 463 540 562 456 545 232 
16 577 166 347 458 199 316 206 551 216 248 584 532 271 172 492 176 
7 317 357 185 362 455 385 187 
16 265 516 217 317 186 339 287 523 193 574 537 376 185 212 471 322 
13 460 575 561 559 371 362 470 335 279 178 456 458 467 
12 490 481 508 205 593 219 333 377 231 350 272 547 
11 445 248 409 308 446 570 382 356 176 440 538 
13 297 501 236 572 523 356 328 264 301 273 561 427 500 
6 403 583 207 350 596 353 
12 505 468 373 268 330 491 469 530 314 183 345 301 
21 354 172 496 343 576 390 328 501 403 330 466 574 459 573 207 230 280 231 275 452 186 
14 391 240 588 567 355 480 555 168 478 202 424 534 226 398 
13 244 172 549 443 297 307 357 412 379 492 253 175 500 
10 569 382 209 356 372 332 284 292 300 344 
11 214 336 217 356 307 187 252 456 558 361 501 
16 452 567 255 297 507 546 218 404 545 585 247 367 368 497 544 347 
12 246 228 370 205 371 259 403 584 244 485 495 248 
14 399 323 592 442 310 180 490 462 362 540 465 268 439 537 
8 510 448 310 235 578 261 252 455 
14 344 536 399 312 354 553 462 239 591 264 559 556 283 362 
13 228 544 345 580 259 219 306 486 416 375 342 193 570 
18 176 258 535 271 298 444 318 218 530 348 270 231 368 179 178 309 501 561 
11 230 220 540 182 419 209 563 553 237 582 577 
23 361 518 183 178 235 405 566 385 195 248 471 237 293 305 312 543 494 255 432 262 588 590 512 
17 292 293 462 228 196 576 363 420 594 226 410 570 459 229 297 526 342 
13 585 453 382 517 442 478 480 287 525 456 418 280 371 
11 569 212 491 553 583 342 600 524 268 321 270 
14 290 203 262 443 355 585 291 304 480 524 196 419 368 193 
10 432 265 507 600 275 481 207 289 427 348 
14 261 399 473 502 576 498 393 191 299 252 539 569 484 327 
18 473 419 195 470 253 185 255 346 425 557 229 453 467 282 200 375 277 352 
10 278 293 321 561 530 230 375 243 303 425 
11 446 545 393 453 449 476 327 514 201 345 437 
8 377 501 536 281 591 579 436 458 
17 474 258 368 344 209 437 549 569 285 337 535 211 587 350 542 425 554 
12 270 510 475 448 343 281 420 540 555 472 589 477 
15 397 517 439 597 447 496 352 489 595 528 536 249 365 581 264 
9 464 426 519 579 448 259 503 352 582 
14 600 532 226 366 361 379 539 255 196 302 470 588 284 566 
11 422 433 220 333 518 294 397 546 438 353 214 
19 495 354 252 391 567 395 577 555 203 553 375 284 411 584 342 494 419 300 286 
9 597 349 292 528 403 326 489 280 404 
16 429 562 535 279 268 531 313 600 581 307 246 416 207 305 265 578 
12 543 449 339 476 410 456 404 594 202 320 541 434 
12 322 421 456 469 481 391 521 514 304 278 251 245 
9 233 495 303 331 222 483 428 365 410 
11 441 574 253 334 282 363 416 382 589 439 460 
10 398 587 338 513 366 470 368 272 277 370 
12 455 402 491 263 521 385 472 224 329 575 303 503 
10 589 414 509 375 541 590 378 211 546 332 
11 572 545 376 322 309 276 552 394 568 334 290 
9 524 381 399 541 483 253 526 320 245 
20 375 478 294 503 313 577 363 435 498 504 459 345 545 299 387 436 417 453 278 267 
18 454 523 306 515 474 412 349 239 470 480 398 433 315 481 408 233 263 446 
10 442 461 590 405 510 209 538 381 493 388 
9 287 432 279 276 427 338 437 463 489 
12 408 351 238 570 592 423 537 371 541 421 443 430 
12 499 368 343 213 573 526 321 581 498 529 535 417 
12 251 542 321 262 240 566 385 599 393 380 490 259 
9 548 320 516 567 454 461 344 383 335 
19 466 414 278 277 416 431 235 259 425 525 527 327 587 496 462 379 256 554 295 
11 410 389 436 562 571 385 222 365 540 547 450 
8 502 369 306 435 244 390 332 527 
9 449 454 446 425 391 574 408 455 355 
11 488 531 578 256 314 258 444 422 591 378 354 
10 595 388 579 379 220 507 371 563 402 318 
19 262 389 533 600 243 449 549 527 299 358 500 516 464 415 373 447 387 552 439 
8 343 454 232 275 250 411 344 319 
12 337 550 390 338 549 341 260 227 306 228 240 245 
7 527 386 361 347 494 451 563 
12 433 514 299 388 358 307 530 250 516 560 489 333 
9 506 296 335 298 505 378 597 456 353 
7 303 594 268 510 450 319 306 
10 292 592 344 271 429 293 579 423 345 263 
15 276 247 325 231 581 395 245 396 525 534 311 246 502 400 389 
6 435 427 448 527 493 438 
15 448 326 324 563 239 327 518 281 365 297 519 581 276 431 494 
14 405 280 381 379 333 251 575 279 464 420 307 517 239 308 
15 368 591 577 541 561 293 366 468 254 594 387 467 456 437 280 
13 280 562 388 420 305 303 596 447 369 471 278 478 450 
12 529 381 338 578 249 236 322 393 491 446 507 344 
11 329 545 412 250 558 293 321 383 268 281 335 
12 344 362 495 279 277 580 291 315 585 352 540 258 
7 400 302 585 536 355 259 265 
8 241 265 497 344 271 389 520 502 
6 514 368 543 468 421 562 
12 484 568 342 497 444 529 532 268 314 377 447 557 
7 451 470 280 515 241 406 509 
14 461 595 284 548 261 444 504 526 357 299 585 411 375 494 
11 538 248 463 349 380 385 548 309 430 435 407 
10 319 482 311 385 376 575 329 304 450 291 
10 436 339 413 448 429 545 485 556 546 422 
13 320 324 528 308 404 571 379 456 464 264 246 309 387 
9 585 595 570 376 375 267 598 248 460 
9 256 330 301 530 558 494 316 383 374 
10 563 518 465 307 253 279 458 377 299 589 
16 487 445 427 259 587 495 367 458 573 250 287 543 416 408 291 402 
9 353 398 454 268 407 397 406 543 587 
9 379 436 491 278 474 514 489 521 462 
13 296 286 476 459 472 359 559 385 334 380 590 444 419 
7 572 540 316 273 473 347 322 
14 435 578 300 288 275 432 320 274 406 568 488 371 281 526 
9 362 421 376 268 283 600 281 293 584 
12 536 326 516 314 369 323 346 586 527 403 507 386 
12 459 576 441 319 399 519 339 393 566 375 350 390 
13 287 323 508 318 493 313 400 515 465 482 300 413 473 
15 408 487 573 369 269 415 497 275 358 365 326 568 372 511 354 
6 422 273 448 317 327 421 
10 437 283 423 386 505 400 376 491 298 371 
9 596 296 423 480 419 420 422 390 313 
4 558 447 539 471 
11 580 325 270 307 443 426 440 578 293 474 514 
9 293 322 359 291 461 581 453 499 339 
15 460 344 463 497 598 587 511 294 414 421 580 333 330 465 314 
15 510 567 539 398 561 419 589 528 370 432 359 486 275 508 469 
7 411 469 365 401 480 578 402 
8 315 471 355 336 478 556 439 398 
8 313 479 448 591 464 580 302 374 
12 521 297 419 291 346 342 499 314 407 274 585 279 
6 434 357 422 419 574 497 
9 316 523 319 447 380 352 477 285 505 
12 461 292 339 343 579 514 306 302 366 586 416 563 
7 518 310 512 298 348 462 383 
17 578 504 509 524 591 324 403 525 425 456 337 394 457 399 433 536 559 
16 362 545 492 459 527 334 298 385 286 323 477 318 352 397 496 497 
9 492 594 540 428 501 491 547 502 401 
13 458 400 486 516 563 314 323 411 415 505 575 477 376 
7 595 418 546 576 315 401 312 
15 315 414 562 346 563 494 366 497 441 559 485 589 446 472 545 
4 467 495 499 283 
12 490 391 500 444 574 433 522 532 383 299 356 324 
11 300 520 385 507 540 509 504 538 418 351 318 
8 454 295 400 472 545 368 491 505 
7 382 297 335 465 401 425 445 
11 458 367 326 461 385 393 410 422 314 600 485 
11 542 515 414 306 434 305 439 309 550 442 441 
9 356 391 495 384 314 463 432 460 362 
10 595 513 441 418 503 302 364 419 455 310 
11 571 404 326 526 423 480 384 364 371 398 362 
7 440 411 575 431 351 462 363 
12 400 419 315 415 429 570 388 533 578 537 521 377 
9 508 557 370 337 386 510 428 404 419 
11 314 495 334 596 369 482 530 416 588 476 467 
5 317 451 490 599 460 
13 386 566 429 352 474 442 484 369 522 556 477 520 499 
10 339 327 399 442 402 301 320 584 308 432 
8 332 373 568 558 456 507 573 327 
10 411 531 542 481 588 386 406 399 538 404 
6 436 402 385 530 335 595 
10 589 479 524 507 340 447 396 381 528 595 
10 544 524 354 353 429 475 594 350 424 376 
4 464 481 359 446 
9 593 377 504 419 526 338 473 506 465 
8 528 356 439 456 541 432 491 537 
14 578 355 341 335 490 401 391 376 577 593 371 491 375 540 
9 507 391 525 309 597 380 427 418 441 
7 457 371 581 351 366 600 344 
6 497 376 314 352 430 369 
8 376 591 535 475 577 351 364 443 
8 497 343 547 530 316 428 554 412 
9 477 448 444 517 479 330 344 367 415 
8 542 334 321 529 345 586 350 417 
8 518 352 319 495 342 552 462 457 
9 552 597 414 579 502 507 448 583 473 
11 439 480 554 599 494 569 382 537 344 470 425 
8 526 451 449 371 453 444 597 556 
10 382 554 345 347 474 352 378 435 418 596 
9 381 566 599 560 468 431 374 402 461 
11 517 580 475 404 344 501 362 528 457 360 496 
6 394 469 427 585 516 544 
11 345 325 538 484 517 468 436 565 333 335 555 
14 594 504 579 570 416 466 527 480 487 366 555 422 381 553 
7 475 583 521 575 378 350 486 
7 439 478 331 443 330 384 345 
8 502 531 440 535 368 540 394 568 
7 449 420 483 480 522 517 338 
2 414 524 
2 514 398 
10 583 590 533 364 501 466 401 340 581 515 
5 550 585 580 524 399 
5 552 359 548 480 469 
12 568 576 450 514 535 532 596 510 517 371 406 441 
7 338 568 511 398 493 440 409 
4 581 457 388 382 
9 358 543 390 359 549 367 489 596 452 
5 438 374 443 599 547 
6 545 578 413 548 521 504 
11 575 429 511 417 531 369 447 361 600 574 535 
7 423 355 396 587 398 528 454 
10 487 402 533 343 590 400 559 459 391 449 
7 380 461 515 372 406 348 390 
5 544 376 498 560 514 
8 525 529 462 409 419 459 546 461 
12 510 416 478 349 576 413 481 419 414 452 475 382 
7 435 512 480 522 372 589 585 
5 449 532 378 544 399 
7 457 505 483 406 355 536 543 
6 464 565 447 383 388 384 
8 542 550 394 429 526 419 568 373 
10 563 433 526 358 452 500 418 531 434 482 
10 366 375 416 509 591 477 486 511 531 568 
4 596 508 444 541 
8 571 381 390 526 418 580 367 483 
9 368 374 407 548 572 436 547 448 396 
5 548 469 562 458 504 
11 359 382 531 411 446 376 454 453 441 395 510 
6 523 540 563 389 460 574 
6 490 405 518 432 394 425 
8 410 572 575 429 419 574 396 507 
5 565 504 577 465 380 
6 552 426 578 490 496 508 
7 513 467 422 579 434 398 566 
6 427 460 596 582 396 494 
5 567 538 490 402 393 
3 389 553 415 
2 468 549 
7 484 373 513 557 547 504 480 
6 447 597 475 456 549 514 
9 532 594 491 550 516 521 393 574 426 
9 383 538 501 472 410 481 476 586 376 
6 537 574 559 579 508 541 
8 490 496 486 438 450 406 568 498 
6 390 380 400 527 443 492 
16 484 449 387 438 591 595 388 593 556 530 451 576 549 581 577 528 
10 486 559 386 427 539 447 526 557 511 412 
10 449 549 566 569 553 580 502 568 570 396 
7 504 413 430 407 382 495 405 
5 411 436 506 579 562 
4 484 530 399 545 
5 578 539 413 487 505 
3 506 521 448 
7 477 423 385 537 564 502 583 
7 498 556 528 492 586 597 400 
5 499 569 493 496 402 
6 404 524 590 513 551 463 
9 419 517 415 401 512 429 464 550 533 
7 576 478 567 426 592 594 514 
2 569 497 
10 470 575 491 488 512 525 510 486 443 453 
5 503 494 464 481 563 
4 475 463 586 418 
4 485 526 428 505 
6 584 522 425 442 461 595 
3 515 465 492 
7 509 596 521 513 547 546 577 
5 588 544 452 501 591 
6 597 409 600 424 485 565 
6 546 514 566 586 597 558 
4 443 412 542 539 
5 465 583 439 524 485 
6 424 500 468 430 558 518 
8 600 498 478 516 422 423 505 563 
5 597 578 431 514 551 
3 544 541 599 
12 464 549 598 425 543 421 593 540 495 501 482 577 
7 467 527 571 582 469 574 449 
9 495 538 443 551 462 548 413 516 425 
5 533 458 558 485 555 
7 500 426 471 583 433 518 451 
3 554 547 589 
4 596 572 516 574 
4 513 420 449 486 
7 553 543 517 499 557 523 504 
0  
4 582 465 550 561 
4 434 455 525 511 
4 424 527 588 548 
1 560 
8 540 487 507 481 486 429 468 586 
5 433 525 498 533 572 
6 584 429 599 442 552 452 
6 508 492 555 456 458 558 
6 597 517 451 566 585 509 
8 446 473 596 434 584 452 581 487 
3 455 551 515 
5 600 566 530 492 465 
8 595 490 576 565 471 589 445 469 
7 437 453 563 596 431 542 566 
5 475 476 594 498 435 
4 594 518 523 599 
2 590 555 
4 540 547 530 444 
5 520 503 532 546 573 
5 469 480 553 447 539 
9 579 492 597 511 585 571 458 532 587 
6 598 568 506 559 450 499 
6 507 449 451 587 489 599 
4 556 598 546 514 
1 593 
2 526 455 
4 501 466 573 463 
3 586 516 522 
7 562 514 486 561 527 495 449 
3 514 589 568 
6 573 464 448 561 494 485 
3 598 450 583 
3 457 462 551 
4 468 524 578 541 
1 520 
4 536 502 579 559 
4 518 599 501 535 
7 503 596 488 545 560 590 569 
6 469 575 460 584 495 542 
8 553 550 547 566 560 472 480 552 
4 506 545 498 528 
3 537 598 503 
2 544 533 
2 566 588 
10 564 540 569 494 489 484 467 492 592 525 
5 523 488 503 553 556 
2 509 500 
4 526 470 538 587 
4 482 534 475 540 
6 485 562 572 504 528 550 
4 551 544 585 470 
3 503 491 522 
6 502 480 492 547 474 581 
8 555 550 474 510 540 529 476 556 
3 493 480 512 
7 515 563 489 556 546 518 526 
6 512 485 557 568 541 550 
1 595 
3 540 532 586 
0  
3 532 523 574 
2 496 534 
0  
3 568 528 530 
5 484 585 549 586 571 
8 526 518 576 588 499 571 511 503 
4 549 565 538 553 
6 577 522 501 564 561 582 
2 543 551 
4 508 567 520 587 
1 535 
3 550 565 525 
5 599 520 598 516 596 
5 547 594 576 509 545 
5 501 503 565 584 599 
5 583 560 595 508 523 
5 528 495 505 527 530 
4 499 595 503 532 
3 565 576 558 
5 526 559 569 518 593 
3 539 552 563 
2 522 581 
0  
6 539 508 542 576 585 552 
6 507 547 559 578 582 508 
3 557 549 593 
5 579 582 548 549 556 
0  
0  
2 528 571 
2 590 530 
4 589 552 517 511 
4 590 600 511 512 
4 520 513 530 561 
4 566 521 527 546 
3 566 542 515 
1 567 
3 545 546 588 
2 520 589 
2 542 578 
2 526 598 
0  
1 583 
1 534 
1 538 
2 536 580 
1 551 
3 536 564 559 
3 554 599 553 
2 593 554 
2 600 561 
3 558 544 593 
3 597 580 531 
6 557 559 556 600 573 575 
2 586 590 
3 540 549 571 
2 554 535 
2 600 594 
0  
1 579 
2 541 566 
2 559 555 
1 546 
2 574 598 
1 575 
1 583 
4 563 585 556 557 
1 593 
0  
2 600 555 
1 574 
3 552 596 582 
0  
2 561 600 
5 581 570 559 572 558 
1 562 
5 594 563 565 577 559 
0  
2 598 565 
1 587 
3 587 572 598 
1 586 
0  
2 598 581 
1 573 
0  
3 576 570 577 
2 582 595 
2 568 593 
0  
2 598 592 
2 584 580 
2 571 585 
0  
2 576 582 
0  
2 594 589 
2 581 578 
1 578 
0  
0  
0  
2 597 583 
1 585 
0  
0  
1 598 
1 599 
0  
0  
0  
0  
0  
0  
0  
0  
0  
1 599 
0  
0  
1 600 
0  
0  
0 